SMA     INTENS    INT_ERR   PIX_VAR       RMS  ELLIP ELLIP_ERR      PA  PA_ERR      X0 X0_ERR      Y0 Y0_ERR     GRAD GRAD_ERR GRAD_R_ERR       RSMA     MAG MAG_LERR MAG_UERR      TFLUX_E      TFLUX_C  TMAG_E  TMAG_C NPIX_E NPIX_C        A3  A3_ERR        B3  B3_ERR        A4  A4_ERR        B4  B4_ERR NDATA NFLAG NITER  STOP     A_BIG SAREA
pixel                                                            degrees degrees   pixel  pixel   pixel  pixel                              pixel**1/4                                                                                                                                                                                             pixel

     0.00        1.4      INDEF     INDEF     INDEF  INDEF     INDEF   INDEF   INDEF  286.19  INDEF  172.02  INDEF   -0.129    INDEF      INDEF    0.00000  -0.364    INDEF    INDEF        INDEF        INDEF   INDEF   INDEF  INDEF  INDEF     INDEF   INDEF     INDEF   INDEF     INDEF   INDEF     INDEF   INDEF     1     0 INDEF INDEF     INDEF INDEF
     0.52       1.33    0.00219    0.0112   0.00789 0.3239    0.0746  -72.10    8.15  286.19   0.03  172.02   0.02    -0.13   0.0658      0.507    0.84958  -0.311  0.00179  0.00178       1.3984       1.3984  -0.364  -0.364      1      1   -0.0812  0.0475     0.112  0.0609     -0.05  0.0308   -0.0112  0.0177    13     0    10     0   3.84E-5   2.0
     0.57       1.33    0.00227    0.0116   0.00819 0.3318    0.0704  -71.10    7.54  286.21   0.03  172.03   0.02   -0.128   0.0624      0.486    0.87007  -0.306  0.00186  0.00186       1.3984       1.3984  -0.364  -0.364      1      1   -0.0833  0.0458     0.105  0.0549   -0.0456  0.0269   -0.0164  0.0166    13     0    10     0   2.26E-5   2.0
     0.63       1.32    0.00236     0.012   0.00852 0.3433    0.0664  -70.26    6.92  286.23   0.03  172.04   0.02   -0.126   0.0593      0.469    0.89105  -0.301  0.00195  0.00194       1.3984       1.3984  -0.364  -0.364      1      1    -0.085  0.0443    0.0989    0.05   -0.0402   0.023   -0.0215  0.0161    13     0    10     0   2.23E-5   2.0
     0.69       1.31    0.00247    0.0126   0.00892 0.3579    0.0630  -69.67    6.35  286.25   0.03  172.05   0.02   -0.124   0.0568      0.458    0.91254  -0.295  0.00205  0.00204       1.3984       1.3984  -0.364  -0.364      1      1    -0.086  0.0431    0.0951  0.0468   -0.0342  0.0193   -0.0263  0.0161    13     0    10     0   4.90E-5   2.0
     0.76       1.31    0.00248    0.0127   0.00895 0.3675    0.0452  -68.50    4.47  286.28   0.03  172.07   0.02   -0.155   0.0487      0.313    0.93454  -0.289  0.00207  0.00206       1.3984       1.3984  -0.364  -0.364      1      1    -0.068  0.0244     0.066  0.0236   -0.0191 0.00832   -0.0262  0.0099    13     0    10     0   2.03E-4   2.0
     0.84       1.29    0.00275     0.014    0.0099 0.3115    0.0452  -63.82    5.09  286.29   0.03  172.08   0.02    -0.17    0.053      0.311    0.95708  -0.276  0.00232  0.00231       1.3984       1.3984  -0.364  -0.364      1      1   -0.0646  0.0293    0.0205  0.0215   -0.0061  0.0155   -0.0448  0.0203    13     0    10     0   5.81E-5   2.0
     0.92       1.27    0.00335    0.0171    0.0121 0.2765    0.0477  -58.97    5.93  286.29   0.03  172.10   0.03   -0.188   0.0544       0.29    0.98016  -0.261  0.00286  0.00285       1.3984       1.3984  -0.364  -0.364      1      1   -0.0492  0.0299  -0.00602  0.0253   0.00589  0.0193   -0.0539  0.0241    13     0    10     0   9.29E-5   2.0
     1.02       1.26    0.00368    0.0188    0.0133 0.2670    0.0480  -54.52    6.15  286.29   0.03  172.11   0.03   -0.189   0.0552      0.292    1.00379  -0.248  0.00319  0.00318       1.3984       6.4297  -0.364   -2.02      1      5   -0.0271  0.0298   -0.0161   0.028    0.0193  0.0204   -0.0601  0.0257    13     0    10     0   2.24E-5   2.0
     1.12       1.24    0.00391    0.0199    0.0141 0.2616    0.0430  -50.37    5.60  286.27   0.03  172.11   0.03   -0.205   0.0524      0.255    1.02800  -0.232  0.00343  0.00342       1.3984       6.4297  -0.364   -2.02      1      5   -0.0079  0.0267   -0.0116  0.0257    0.0242  0.0215   -0.0449  0.0227    13     0    10     0   2.93E-4   2.0
     1.23       1.22    0.00432     0.022    0.0156 0.2711    0.0403  -44.51    5.09  286.26   0.03  172.11   0.03   -0.217   0.0492      0.226    1.05279  -0.215  0.00386  0.00384       6.4297       6.4297   -2.02   -2.02      5      5   -0.0165  0.0253  -0.00359  0.0241    0.0313  0.0233   -0.0179  0.0216    13     0    10     0   1.16E-4   2.0
     1.35       1.19      0.004    0.0204    0.0144 0.2615    0.0340  -43.03    4.43  286.24   0.03  172.10   0.03    -0.22   0.0416      0.189    1.07817   -0.19  0.00365  0.00364       6.4297       6.4297   -2.02   -2.02      5      5   -0.0222  0.0204   0.00628  0.0193    0.0295   0.018   -0.0139  0.0165    13     0    10     0   1.28E-4   2.0
     1.49       1.16    0.00394    0.0201    0.0142 0.2526    0.0304  -41.28    4.08  286.21   0.03  172.09   0.03   -0.223   0.0389      0.175    1.10417  -0.162  0.00369  0.00368       8.8008       10.957   -2.36    -2.6      7      9   -0.0304  0.0164    0.0131  0.0151    0.0308  0.0131  -0.00552  0.0115    13     0    10     0   4.18E-5   2.0
     1.64       1.13    0.00466    0.0238    0.0168 0.2479    0.0321  -38.25    4.38  286.20   0.03  172.08   0.03   -0.228   0.0422      0.186    1.13080   -0.13   0.0045  0.00448       8.8008       10.957   -2.36    -2.6      7      9   -0.0395  0.0164    0.0126  0.0143    0.0349  0.0116   0.00625  0.0093    13     0    10     0   4.77E-5   2.0
     1.80       1.09    0.00557    0.0284    0.0201 0.2465    0.0361  -34.90    4.95  286.18   0.04  172.06   0.04   -0.221   0.0454      0.206    1.15806 -0.0954  0.00555  0.00552       8.8008       10.957   -2.36    -2.6      7      9   -0.0473  0.0189   0.00655  0.0156    0.0376  0.0127     0.016  0.0101    13     0    10     0   5.34E-5   2.0
     1.98       1.05    0.00612    0.0312    0.0221 0.2493    0.0364  -32.52    4.94  286.16   0.04  172.04   0.05   -0.217   0.0414       0.19    1.18599  -0.058  0.00631  0.00628       10.957       10.957    -2.6    -2.6      9      9   -0.0488  0.0188   0.00168  0.0157    0.0343  0.0125    0.0199  0.0108    13     0    10     0   3.98E-5   2.0
     2.18       1.01     0.0054    0.0275    0.0195 0.2454    0.0318  -31.26    4.34  286.15   0.04  172.02   0.04   -0.201   0.0331      0.164    1.21459 -0.0121  0.00581  0.00578       10.957       14.891    -2.6   -2.93      9     13   -0.0437  0.0152   6.46E-4  0.0132    0.0182 0.00967    0.0248 0.00994    13     0    10     0   4.79E-6   2.0
     2.39      0.969    0.00449    0.0238    0.0168 0.2496    0.0236  -31.07    3.27  286.17   0.03  172.01   0.04   -0.198   0.0242      0.122    1.24388  0.0341  0.00504  0.00502       15.035       22.348   -2.94   -3.37     13     21   -0.0381  0.0107  -0.00186 0.00908    0.0143 0.00724    0.0157 0.00684    14     0    10     0   1.28E-5   2.0
     2.63      0.923    0.00351    0.0192    0.0136 0.2530    0.0188  -31.63    2.57  286.17   0.03  171.99   0.03   -0.173   0.0207      0.119    1.27387  0.0867  0.00413  0.00412       18.831       22.348   -3.19   -3.37     17     21   -0.0316 0.00852  -0.00728 0.00725   0.00826 0.00426    0.0194 0.00454    15     0    10     0   9.16E-6   2.0
     2.90      0.878    0.00385    0.0218    0.0154 0.2537    0.0172  -33.09    2.29  286.17   0.03  171.98   0.03   -0.188   0.0203      0.108    1.30459   0.141  0.00477  0.00475       22.362        25.53   -3.37   -3.52     21     25   -0.0227 0.00849    -0.013 0.00803   0.00475 0.00635    0.0173 0.00643    16     0    10     0   1.42E-4   2.0
     3.19      0.828    0.00489    0.0285    0.0202 0.2628    0.0213  -32.56    2.68  286.20   0.04  171.97   0.04   -0.173   0.0208       0.12    1.33605   0.205  0.00643  0.00639       24.109       34.382   -3.46   -3.84     23     37   -0.0224  0.0119   -0.0116  0.0117   0.00251  0.0105    0.0181  0.0107    17     0    10     0   3.41E-5   2.0
     3.50      0.774    0.00433    0.0267    0.0189 0.2653    0.0167  -32.36    2.12  286.21   0.03  171.97   0.04   -0.172   0.0186      0.108    1.36826   0.278  0.00609  0.00606       27.364       34.382   -3.59   -3.84     27     37    -0.019 0.00994  -0.00127 0.00958   0.00916 0.00922   0.00908 0.00909    19     0    10     0   3.12E-5   2.0
     3.86      0.716    0.00399    0.0259    0.0183 0.2701    0.0142  -30.52    1.80  286.25   0.03  171.95   0.03   -0.165   0.0144      0.087    1.40126   0.362  0.00607  0.00603       33.213       39.581    -3.8   -3.99     35     45    -0.017 0.00867  -9.49E-4 0.00834    0.0102 0.00824  -1.49E-4   0.008    21     0    10     0   5.00E-5   2.0
     4.24      0.655    0.00347    0.0235    0.0166 0.2717    0.0121  -28.83    1.52  286.25   0.03  171.90   0.03   -0.152   0.0113     0.0741    1.43505   0.459  0.00576  0.00573       37.412       46.359   -3.93   -4.17     41     57   -0.0154 0.00733   0.00409  0.0071    0.0195 0.00593  -0.00221 0.00564    23     0    10     0   7.63E-5   2.0
     4.67      0.595    0.00295    0.0209    0.0147 0.2790    0.0106  -28.24    1.30  286.26   0.03  171.85   0.03   -0.131     0.01     0.0761    1.46965   0.563  0.00539  0.00537       42.416       52.491   -4.07    -4.3     49     69   -0.0121 0.00673  -0.00236 0.00658     0.017 0.00565   0.00474 0.00544    25     0    10     0   3.11E-5   2.0
     5.13      0.546     0.0033    0.0242    0.0171 0.2993    0.0130  -29.11    1.49  286.29   0.04  171.84   0.04   -0.106   0.0134      0.127    1.50509   0.657  0.00658  0.00654       45.784       61.152   -4.15   -4.47     55     89   -0.0166 0.00855  -0.00423 0.00822     0.013 0.00712    0.0179 0.00723    27     0    10     0   1.99E-4   2.0
     5.64      0.503    0.00491    0.0374    0.0264 0.3264    0.0201  -29.19    2.15  286.32   0.07  171.84   0.08   -0.088   0.0122      0.139    1.54138   0.747   0.0107   0.0106       52.985       64.458   -4.31   -4.52     69     97   -0.0422  0.0133   3.49E-4  0.0119   0.00869  0.0088    0.0407  0.0103    29     0    10     0   2.71E-4   2.0
     6.21      0.467      0.005    0.0393    0.0278 0.3545    0.0205  -27.82    2.05  286.29   0.07  171.77   0.09  -0.0763   0.0101      0.133    1.57855   0.828   0.0117   0.0116       56.952       73.279   -4.39   -4.66     77    121   -0.0482  0.0138   -0.0131  0.0123   0.00639 0.00934    0.0415  0.0108    31     0    10     0   3.18E-4   2.0
     6.83      0.433    0.00366    0.0297     0.021 0.3805    0.0158  -27.82    1.49  286.18   0.06  171.65   0.08  -0.0629   0.0074      0.118    1.61662   0.909  0.00921  0.00913       63.346       81.298    -4.5   -4.78     91    145   -0.0353  0.0106   -0.0224  0.0102   0.00176 0.00805    0.0303 0.00886    33     0    10     0   0.00125   2.0
     7.51      0.405     0.0033     0.028    0.0198 0.4105    0.0135  -28.48    1.22  286.11   0.06  171.60   0.08  -0.0568   0.0071      0.125    1.65560    0.98  0.00887   0.0088       68.358       90.654   -4.59   -4.89    103    177    -0.015  0.0105   -0.0212  0.0105   -0.0117 0.00878    0.0302 0.00934    36     0    10     0   1.86E-4   2.0
     8.26      0.376    0.00359    0.0313    0.0221 0.4377    0.0147  -28.56    1.27  286.09   0.08  171.61   0.10   -0.049   0.0064      0.131    1.69552    1.06   0.0104   0.0103       76.265       102.43   -4.71   -5.03    123    221  -0.00648  0.0124   -0.0202  0.0126   -0.0139  0.0104    0.0389  0.0114    38     0    10     0   4.07E-4   2.0
     9.09      0.349    0.00358    0.0324    0.0229 0.4649    0.0154  -28.26    1.29  286.09   0.09  171.65   0.12  -0.0399   0.0053      0.133    1.73641    1.14   0.0112   0.0111       82.651       112.63   -4.79   -5.13    141    261   0.00138   0.014   -0.0211  0.0141   -0.0116   0.012    0.0432  0.0131    41     0    10     0   2.98E-4   2.0
    10.00      0.324    0.00305    0.0286    0.0202 0.4885    0.0127  -28.77    1.03  286.09   0.08  171.70   0.11  -0.0356   0.0042      0.117    1.77828    1.22   0.0103   0.0102       88.904       126.48   -4.87   -5.26    159    317   -0.0049  0.0119   -0.0235   0.012   -0.0156  0.0101    0.0381  0.0108    44     0    20     0   8.41E-5   2.0
    11.00      0.297    0.00281    0.0272    0.0192 0.5062    0.0132  -29.24    1.04  286.15   0.10  171.86   0.13  -0.0277   0.0037      0.135    1.82116    1.32   0.0103   0.0102       98.086       140.21   -4.98   -5.37    189    377   -0.0112  0.0131   -0.0167  0.0131  -0.00789  0.0117    0.0372  0.0127    47     0    10     0   5.79E-4   2.0
    12.10      0.279     0.0025     0.025    0.0177 0.5317    0.0108  -30.73    0.83  286.15   0.09  171.96   0.12  -0.0259   0.0032      0.122    1.86508    1.39  0.00978  0.00969        104.6       159.41   -5.05   -5.51    211    465   6.02E-4  0.0115   0.00601  0.0114   -0.0105  0.0107    0.0284  0.0111    50     0    10     0   0.00106   2.0
    13.31      0.248    0.00304    0.0319    0.0225 0.5310    0.0250  -31.98    1.93  286.01   0.24  171.83   0.30  -0.0123   0.0033      0.265    1.91005    1.51   0.0134   0.0132       117.71       177.97   -5.18   -5.63    261    553    0.0365   0.027    0.0565  0.0291   -0.0435  0.0268    0.0166  0.0246    55     0    19     0   0.00158   2.0
    14.64      0.237    0.00305    0.0332    0.0235 0.5539    0.0261  -31.98    1.98  286.01   0.28  171.83   0.36    -0.01    0.003      0.295    1.95611    1.57   0.0141   0.0139         127.       202.89   -5.26   -5.77    299    673    0.0283   0.028    0.0934  0.0381   -0.0385  0.0284    0.0144  0.0262    59     0    50     2   0.00399   2.0
    16.11      0.233      0.003    0.0332    0.0235 0.5939    0.0239  -33.87    1.74  286.34   0.31  172.33   0.39 -0.00901   0.0026      0.288    2.00328    1.58   0.0141   0.0139       134.44        230.6   -5.32   -5.91    331    805    0.0133  0.0262     0.113  0.0412    -0.051  0.0289  -7.61E-4  0.0248    61     0    11     0   4.82E-4   2.0
    17.72      0.222    0.00306    0.0349    0.0247 0.6116    0.0186  -36.36    1.34  286.40   0.28  172.39   0.34  -0.0102   0.0024       0.24    2.05158    1.63   0.0151   0.0149       145.35       265.83   -5.41   -6.06    379    981  -0.00297  0.0216      0.09  0.0303   -0.0292   0.022   -0.0239  0.0216    65     0    10     0   1.65E-4   2.0
    19.49      0.204    0.00286     0.035    0.0247 0.5860    0.0174  -38.59    1.29  285.81   0.29  172.02   0.32  -0.0098   0.0023      0.238    2.10105    1.73   0.0153   0.0151        169.2       304.33   -5.57   -6.21    491   1201  -0.00252  0.0207    0.0529  0.0238   0.00753  0.0181   -0.0824  0.0266    75     0    10     0   0.00108   2.0
    21.44      0.179    0.00216    0.0335    0.0237 0.1944    0.0172   33.53    2.80  286.13   0.20  172.77   0.21  -0.0136   0.0022      0.159    2.15172    1.87   0.0132    0.013       300.59       341.41   -6.19   -6.33   1165   1449   -0.0119  0.0106     -0.01  0.0106    0.0364 0.00981    0.0641  0.0129   120     0    22     0   7.07E-4   2.0
    23.58      0.172    0.00167    0.0266    0.0188 0.2503    0.0095   23.71    1.24  286.22   0.12  171.63   0.14  -0.0161   0.0016     0.0978    2.20360    1.91   0.0106   0.0105       326.23       381.32   -6.28   -6.45   1311   1749  -0.00226 0.00625   0.00302 0.00628    0.0297 0.00618    0.0162 0.00571   127     0    18     0    0.0012   2.0
    25.94      0.135    0.00207    0.0346    0.0244 0.2503    0.0133   21.48    1.75  286.22   0.19  171.63   0.22 -0.00971   0.0014      0.149    2.25674    2.17   0.0167   0.0165       368.89       420.49   -6.42   -6.56   1591   2093    0.0205 0.00834    0.0452  0.0103   -0.0019  0.0077    0.0115  0.0079   140     0    50     2    0.0196   2.0
    28.53       0.11    0.00186    0.0326    0.0231 0.2503    0.0190   20.49    2.50  286.22   0.29  171.63   0.34 -0.00542   0.0014      0.249    2.31116     2.4   0.0185   0.0182        408.6       466.41   -6.53   -6.67   1917   2561    0.0439  0.0158    0.0498  0.0169   -0.0237  0.0127   3.37E-4  0.0113   154     0    50     2    0.0187   2.0
    31.38       0.11    0.00158    0.0278    0.0196 0.3596    0.0143    7.65    1.40  286.27   0.24  171.26   0.33 -0.00642   8.6E-4      0.134    2.36689    2.39   0.0157   0.0154       419.33       508.68   -6.56   -6.77   1991   3093    0.0478  0.0122    0.0133  0.0105   -0.0141  0.0104     0.018  0.0105   155     0    22     0   0.00128   2.0
    34.52     0.0951    0.00124    0.0228    0.0161 0.3596    0.0101    0.17    0.99  286.96   0.18  172.52   0.26 -0.00647   7.7E-4      0.119    2.42396    2.55   0.0142    0.014       461.54       548.87   -6.66   -6.85   2393   3745   0.00639 0.00767   -0.0217  0.0081   -0.0381  0.0083    0.0145 0.00721   170     0    12     0   0.00109   2.0
    37.97     0.0683      0.001    0.0201    0.0142 0.2768    0.0112    9.57    1.35  285.30   0.22  173.16   0.28 -0.00488   5.3E-4      0.109    2.48241    2.91   0.0161   0.0158       530.98       584.42   -6.81   -6.92   3279   4509   0.00633 0.00763   -0.0152 0.00779  -0.00678 0.00736   -0.0277 0.00794   201     0    11     0   4.71E-4   2.0
    41.77     0.0561    7.82E-4    0.0162    0.0114 0.3143    0.0098    9.57    1.07  285.30   0.22  173.16   0.29 -0.00366   5.6E-4      0.152    2.54228    3.13   0.0152    0.015       561.55       622.98   -6.87   -6.99   3765   5473   -0.0161 0.00745   0.00288 0.00708   0.00848 0.00712  -0.00418 0.00707   214     0    50     2    0.0027   2.0
    45.95     0.0432    9.96E-4    0.0214    0.0151 0.3380    0.0158    9.57    1.62  285.30   0.39  173.16   0.52 -0.00258   4.4E-4      0.171    2.60358    3.41   0.0253   0.0247       590.92       659.54   -6.93   -7.05   4383   6613   -0.0333  0.0129   -0.0189  0.0121   -0.0316  0.0125    -0.028  0.0123   231     0    50     2   0.00126   2.0
    50.54     0.0211    6.61E-4    0.0162    0.0115 0.0941    0.0184  -18.78    5.85  286.24   0.47  172.41   0.50 -0.00182   2.9E-4      0.157    2.66636    4.19   0.0346   0.0335       678.27       690.57   -7.08    -7.1   7275   8029   -0.0324  0.0111   -0.0165  0.0102   -0.0642  0.0135    0.0181 0.00953   301     0    50     2   0.00152   2.0
    55.60     0.0109    5.93E-4    0.0152    0.0108 0.0993    0.0432  -18.78   13.07  285.16   1.22  172.78   1.31 -6.32E-4   2.5E-4       0.39    2.73066    4.91   0.0609   0.0577       701.64       710.41   -7.12   -7.13   8751   9721   -0.0354  0.0273    0.0497  0.0306   -0.0221  0.0251  -0.00233  0.0236   330     0    50     2   8.84E-4   2.0
    61.16    0.00714    5.52E-4    0.0149    0.0105 0.0993    0.0630  -40.63   19.07  288.46   2.02  171.66   2.04 -3.66E-4   1.2E-4      0.334    2.79650    5.37   0.0873   0.0808       717.91       725.44   -7.14   -7.15  10575  11761   -0.0149  0.0349    0.0605  0.0402    -0.028  0.0358   -0.0286   0.036   363     0    50     2   8.35E-4   2.0
    67.28    0.00376    4.87E-4    0.0141   0.00996 0.0101    0.0534  -145.7  152.20  290.44   1.80  168.71   1.81 -3.81E-4    INDEF      INDEF    2.86394    6.06    0.151    0.132       737.39       737.45   -7.17   -7.17  14077  14249    0.0436  0.0439    0.0122  0.0285  -0.00654  0.0272  -0.00508  0.0271   419     0    30     0   4.91E-4   2.0
