SMA     INTENS    INT_ERR   PIX_VAR       RMS  ELLIP ELLIP_ERR     PA PA_ERR      X0 X0_ERR      Y0 Y0_ERR     GRAD GRAD_ERR GRAD_R_ERR    RSMA     MAG MAG_LERR MAG_UERR      TFLUX_E      TFLUX_C  TMAG_E  TMAG_C NPIX_E NPIX_C        A3  A3_ERR        B3  B3_ERR        A4  A4_ERR        B4  B4_ERR NDATA NFLAG NITER STOP     A_BIG SAREA
pixel                                                         degrees degrees   pixel  pixel   pixel  pixel                        pixel**1/4                                                                                                                                                                                      pixel

     0.00       11.9      INDEF     INDEF     INDEF  INDEF  INDEF  INDEF  INDEF  234.63  INDEF  123.01  INDEF    -0.38  INDEF  INDEF 0.00000   -2.69   INDEF   INDEF        INDEF        INDEF   INDEF   INDEF  INDEF  INDEF     INDEF   INDEF     INDEF   INDEF     INDEF   INDEF     INDEF   INDEF     1     0 INDEF INDEF     INDEF INDEF
     0.51       11.7    0.00603    0.0308    0.0217 0.8482 0.0131  89.96   0.80  234.63   0.02  123.01   0.00   -0.464  0.297  0.641 0.84409   -2.67 5.60E-4 5.60E-4       11.891       11.891   -2.69   -2.69      1      1  -0.00658  0.0348    0.0611  0.0514    0.0311  0.0385   -0.0127  0.0325    13     0  50  2   0.00221   2.0
     0.56       11.7    0.00739    0.0377    0.0267 0.8444 0.0122  89.97   0.74  234.59   0.02  123.01   0.00   -0.577  0.307  0.532 0.86444   -2.67 6.88E-4 6.87E-4       11.891       11.891   -2.69   -2.69      1      1    -0.009  0.0313    0.0567  0.0424     0.027  0.0327   -0.0142   0.029    13     0  50  2   0.00246   2.0
     0.61       11.5     0.0157    0.0802    0.0567 0.7249 0.0252  89.31   1.62  234.57   0.03  123.01   0.01    -0.95  0.519  0.546 0.88528   -2.65 0.00148 0.00148       11.891       11.891   -2.69   -2.69      1      1   -0.0202  0.0372    0.0676  0.0503    0.0253  0.0357   -0.0328  0.0362    13     0  10  0   0.00472   2.0
     0.68       11.3      0.022     0.112    0.0792 0.5836 0.0301  87.50   2.16  234.57   0.02  123.02   0.01    -1.53  0.594  0.389 0.90663   -2.63 0.00211  0.0021       11.891       11.891   -2.69   -2.69      1      1  -0.00236   0.028    0.0561  0.0347   0.00585  0.0239   -0.0445  0.0286    13     0  12  0   0.00662   2.0
     0.74        11.     0.0249     0.127    0.0899 0.3768 0.0341  86.94   3.31  234.56   0.02  123.02   0.01    -2.08  0.577  0.277 0.92849    -2.6 0.00247 0.00246       11.891       11.891   -2.69   -2.69      1      1    0.0379  0.0214    0.0388  0.0209    0.0017  0.0105   -0.0464  0.0163    13     0  12  0   0.00725   2.0
     0.82       10.6     0.0192     0.098    0.0693 0.1772 0.0263  80.47   4.82  234.57   0.01  123.04   0.01     -2.5  0.423  0.169 0.95088   -2.56 0.00197 0.00197       11.891       11.891   -2.69   -2.69      1      1    0.0252  0.0119     0.018  0.0111  -0.00655  0.0066   -0.0268 0.00768    13     0  10  0   0.00463   2.0
     0.90       10.3      0.031     0.158     0.112 0.0625 0.0390  70.30  19.05  234.59   0.02  123.05   0.02    -2.83  0.512  0.181 0.97381   -2.53 0.00328 0.00327       11.891       11.891   -2.69   -2.69      1      1    0.0377  0.0165  -0.00358  0.0145  -0.00279  0.0146   -0.0119  0.0141    13     0  50  2   0.00868   2.0
     0.99        10.     0.0288     0.147     0.104 0.0539 0.0324  43.58  18.30  234.59   0.02  123.06   0.02    -2.89  0.471  0.163 0.99729    -2.5 0.00312 0.00312       11.891       11.891   -2.69   -2.69      1      1   2.35E-4  0.0142   -0.0218  0.0141   -0.0105  0.0139   0.00334  0.0131    13     0  50  2    0.0114   2.0
     1.09       9.81     0.0366     0.187     0.132 0.0776 0.0350  36.24  13.89  234.60   0.02  123.04   0.02    -3.01  0.495  0.164 1.02134   -2.48 0.00406 0.00405       52.766       52.766   -4.31   -4.31      5      5  -0.00657  0.0173  -0.00825  0.0166   -0.0243   0.016  -0.00309  0.0148    13     0  50  2    0.0201   2.0
     1.20       9.48     0.0379     0.193     0.137 0.0776 0.0314  36.24  12.48  234.61   0.02  123.04   0.02    -3.17  0.445   0.14 1.04597   -2.44 0.00435 0.00433       52.766       52.766   -4.31   -4.31      5      5  -0.00639  0.0157   -0.0026   0.015   -0.0165   0.015  -0.00141  0.0141    13     0  10  0   0.00206   2.0
     1.32       9.08     0.0365     0.186     0.132 0.0679 0.0270  34.01  12.20  234.61   0.02  123.04   0.02    -3.26  0.377  0.116 1.07119    -2.4 0.00437 0.00435       52.766       52.766   -4.31   -4.31      5      5  -0.00929  0.0131   6.86E-5  0.0126   -0.0103  0.0128  -0.00366  0.0121    13     0  10  0   0.00206   2.0
     1.45       8.66     0.0331     0.169      0.12 0.0670 0.0226  35.35  10.37  234.63   0.02  123.04   0.02    -3.22  0.314 0.0977 1.09702   -2.34 0.00416 0.00415       70.586       87.539   -4.62   -4.86      7      9   -0.0128  0.0103   0.00677 0.00985   -0.0111  0.0095  -0.00662 0.00903    13     0  10  0   0.00112   2.0
     1.59        8.2     0.0311     0.158     0.112 0.0676 0.0195  36.22   8.85  234.64   0.02  123.04   0.02    -3.18  0.268 0.0843 1.12348   -2.28 0.00412 0.00411       87.539       87.539   -4.86   -4.86      9      9   -0.0153 0.00795   0.00882 0.00758   -0.0115 0.00685  -0.00552 0.00649    13     0  10  0   0.00398   2.0
     1.75       7.68     0.0283     0.144     0.102 0.0618 0.0167  35.51   8.27  234.65   0.02  123.04   0.02    -3.04  0.218 0.0717 1.15057   -2.21 0.00401 0.00399       87.539       87.539   -4.86   -4.86      9      9   -0.0164 0.00615   0.00649 0.00582   -0.0111 0.00499  -0.00175  0.0047    13     0  50  2    0.0204   2.0
     1.93       7.16     0.0151    0.0771    0.0545 0.0699 0.0075  42.04   3.28  234.66   0.01  123.03   0.01    -2.82  0.119  0.042 1.17831   -2.14  0.0023 0.00229       87.539       87.539   -4.86   -4.86      9      9  -0.00133 0.00335   0.00467 0.00323  -0.00711 0.00247   0.00134 0.00234    13     0  50  2    0.0271   2.0
     2.12       6.62     0.0141    0.0719    0.0508 0.0699 0.0081  42.04   3.46  234.67   0.01  123.04   0.01    -2.64  0.132   0.05 1.20673   -2.05 0.00231 0.00231       114.63       114.63   -5.15   -5.15     13     13  -0.00639 0.00298  -0.00497 0.00295  -0.00553  0.0024   1.50E-4 0.00238    13     0  10  0   4.58E-4   2.0
     2.33       6.08     0.0232     0.123    0.0867 0.0728 0.0126  41.44   5.12  234.66   0.02  123.06   0.02    -2.46  0.144 0.0586 1.23583   -1.96 0.00415 0.00413       139.84       163.58   -5.36   -5.53     17     21   1.54E-4 0.00456   -0.0136 0.00465   -0.0117 0.00297  -9.23E-4 0.00289    14     0  50  2    0.0163   2.0
     2.57       5.55     0.0144    0.0814    0.0575 0.0878 0.0079  36.40   2.79  234.69   0.01  123.04   0.01     -2.1  0.108 0.0515 1.26563   -1.86 0.00282 0.00281       163.58       163.58   -5.53   -5.53     21     21   0.00918 0.00239  -0.00771 0.00228  -0.00505 0.00186   0.00139 0.00175    16     0  10  0   0.00313   2.0
     2.82       5.07     0.0179     0.104    0.0737 0.1072 0.0098  35.23   2.83  234.70   0.01  123.04   0.02    -1.86 0.0874  0.047 1.29614   -1.76 0.00383 0.00382       163.58       163.58   -5.53   -5.53     21     21   0.00949 0.00446  -0.00315 0.00437  -0.00528 0.00415   0.00258 0.00408    17     0  10  0   8.68E-4   2.0
     3.10       4.57     0.0167     0.103    0.0727 0.1189 0.0099  37.45   2.62  234.71   0.02  123.04   0.02    -1.51 0.0724 0.0479 1.32740   -1.65 0.00397 0.00396       173.55       199.58    -5.6   -5.75     23     29    0.0131 0.00432   0.00293 0.00411   0.00132 0.00424   0.00202 0.00406    19     0  10  0   4.31E-4   2.0
     3.42       4.14     0.0134     0.085    0.0601 0.1325 0.0082  37.06   1.90  234.70   0.01  123.04   0.02    -1.33 0.0545 0.0411 1.35941   -1.54 0.00353 0.00352       216.81       232.43   -5.84   -5.92     33     37    0.0131  0.0031    0.0025 0.00305  -6.73E-4 0.00294  -0.00321 0.00294    20     0  10  0   9.45E-4   2.0
     3.76       3.74    0.00811    0.0538     0.038 0.1504 0.0051  32.95   1.06  234.69   0.01  123.05   0.01    -1.13 0.0298 0.0263 1.39219   -1.43 0.00236 0.00235       247.91       260.65   -5.99   -6.04     41     45    0.0069 0.00229  -0.00282 0.00225  -0.00558 0.00189  -3.29E-4 0.00186    22     0  10  0   1.70E-4   2.0
     4.13       3.34    0.00634    0.0439    0.0311 0.1600 0.0043  32.02   0.85  234.69   0.01  123.06   0.01   -0.925 0.0254 0.0275 1.42576   -1.31 0.00206 0.00206       247.91       296.84   -5.99   -6.18     41     57  -0.00429 0.00221  -0.00262 0.00219  -0.00585 0.00181  -3.12E-4 0.00178    24     0  10  0   4.42E-4   2.0
     4.55       2.99    0.00695    0.0501    0.0354 0.1733 0.0051  32.02   0.94  234.70   0.01  123.08   0.01   -0.757  0.026 0.0344 1.46014   -1.19 0.00252 0.00252       286.04       329.25   -6.14   -6.29     53     69  -0.00721 0.00257  -0.00172 0.00255  -0.00825 0.00181  -0.00288 0.00179    26     0  10  0   2.48E-4   2.0
     5.00        2.7     0.0076    0.0569    0.0402 0.1929 0.0060  31.68   0.99  234.68   0.02  123.08   0.02   -0.623 0.0212  0.034 1.49535   -1.08 0.00307 0.00306       309.33        357.3   -6.23   -6.38     61     81   3.43E-5 0.00343  -0.00515 0.00345   -0.0103 0.00276  -0.00104 0.00275    28     0  20  0   2.37E-5   2.0
     5.50       2.42    0.00624    0.0491    0.0347 0.2082 0.0053  31.98   0.83  234.67   0.02  123.07   0.02   -0.509 0.0175 0.0343 1.53141  -0.959  0.0028  0.0028       350.13         392.   -6.36   -6.48     77     97   0.00253 0.00325  -7.06E-4  0.0032  -0.00681 0.00291   0.00348 0.00287    31     0  10  0   1.54E-4   2.0
     6.05       2.16     0.0062    0.0511    0.0361 0.2178 0.0056  31.85   0.84  234.66   0.02  123.06   0.02   -0.428 0.0163 0.0381 1.56834  -0.835 0.00312 0.00311       381.27       422.82   -6.45   -6.57     91    113   0.00238 0.00345  -0.00314 0.00339  -0.00166 0.00322    0.0065 0.00318    34     0  10  0   2.63E-5   2.0
     6.66       1.91    0.00753    0.0648    0.0458 0.2244 0.0073  32.25   1.06  234.64   0.03  123.07   0.03    -0.36 0.0163 0.0453 1.60615  -0.703 0.00428 0.00427       421.63       463.21   -6.56   -6.66    111    137   0.00232 0.00445  -0.00612 0.00442   0.00198 0.00396    0.0116 0.00395    37     0  10  0   5.40E-5   2.0
     7.32       1.71    0.00627    0.0561    0.0396 0.2435 0.0061  33.34   0.83  234.63   0.03  123.07   0.03   -0.314 0.0136 0.0434 1.64488  -0.582 0.00399 0.00397       449.85       519.73   -6.63   -6.79    127    177    0.0074 0.00375  -0.00335 0.00372  -9.68E-5 0.00291    0.0141 0.00296    40     0  10  0   1.32E-4   2.0
     8.05       1.52     0.0061    0.0566      0.04 0.2670 0.0060  33.37   0.75  234.62   0.03  123.10   0.03   -0.273  0.011 0.0403 1.68455  -0.457 0.00436 0.00434       488.68       544.17   -6.72   -6.84    151    197   0.00649  0.0039  -0.00125 0.00389  -0.00116 0.00298    0.0158 0.00305    43     0  10  0   2.31E-4   2.0
     8.86       1.34    0.00512    0.0497    0.0351 0.2887 0.0054  32.72   0.64  234.63   0.03  123.13   0.03   -0.221 0.0093 0.0419 1.72517  -0.321 0.00415 0.00413       528.06       592.99   -6.81   -6.93    179    241  -0.00196 0.00374  -0.00375 0.00371  -0.00257 0.00295    0.0149 0.00299    47     0  10  0   9.97E-4   2.0
     9.74       1.18    0.00482    0.0482    0.0341 0.3101 0.0054  31.15   0.59  234.68   0.03  123.02   0.03   -0.186 0.0076 0.0407 1.76677  -0.184 0.00443 0.00441       563.23       641.76   -6.88   -7.02    207    293   0.00173 0.00364  -0.00828 0.00367   -0.0105  0.0028    0.0124 0.00283    50     0  10  0   2.24E-4   2.0
    10.72       1.02    0.00419    0.0439    0.0311 0.3168 0.0060  28.86   0.65  234.68   0.04  123.00   0.04   -0.131 0.0084 0.0643 1.80937 -0.0184 0.00448 0.00446       608.82       692.33   -6.96    -7.1    249    357   -0.0023 0.00427   0.00215 0.00428    -0.018 0.00365  -8.34E-4 0.00347    55     0  10  0   5.61E-4   2.0
    11.79       0.92    0.00579    0.0629    0.0445 0.3451 0.0083  24.66   0.84  234.69   0.06  123.07   0.07   -0.113  0.008 0.0703 1.85300  0.0909 0.00685 0.00681       647.32       746.57   -7.03   -7.18    289    437   -0.0114 0.00604   0.00551 0.00601   -0.0346 0.00448   0.00359 0.00378    59     0  10  0   0.00299   2.0
    12.97      0.809    0.00636    0.0719    0.0509 0.3604 0.0100  21.38   0.98  234.67   0.07  123.08   0.09  -0.0911 0.0085 0.0935 1.89769    0.23 0.00857  0.0085       688.68       794.04    -7.1   -7.25    337    517   -0.0165 0.00759  -8.73E-4 0.00745   -0.0436 0.00636   0.00217  0.0049    64     0  10  0   1.00E-3   2.0
    14.27      0.733    0.00862     0.101    0.0716 0.3903 0.0141  18.96   1.32  234.59   0.11  123.30   0.15  -0.0751 0.0092  0.122 1.94345   0.337  0.0128  0.0127       728.79       858.95   -7.16   -7.33    389    641   -0.0306  0.0115   0.00835  0.0109   -0.0626  0.0107     0.014 0.00765    69     0  10  0   0.00219   2.0
    15.69      0.663    0.00925     0.112    0.0795 0.4140 0.0171  15.45   1.53  234.59   0.15  123.30   0.21  -0.0578 0.0091  0.157 1.99031   0.447  0.0153   0.015       773.69        922.8   -7.22   -7.41    453    777   -0.0216  0.0147    0.0151  0.0144   -0.0811  0.0159     0.038  0.0112    74     0  10  0    0.0048   2.0
    17.26      0.629     0.0101     0.126     0.089 0.4582 0.0172  13.45   1.45  234.59   0.17  123.30   0.26  -0.0524 0.0081  0.155 2.03830   0.504  0.0176  0.0173       803.85       994.15   -7.26   -7.49    499    941   -0.0194   0.016     0.017  0.0158   -0.0876   0.017    0.0539  0.0132    78     0  10  0   0.00412   2.0
    18.99       0.57    0.00906     0.117    0.0826 0.4845 0.0173  12.08   1.40  234.59   0.19  123.30   0.30  -0.0404 0.0062  0.154 2.08745    0.61  0.0174  0.0171       857.01       1067.5   -7.33   -7.57    585   1125   -0.0183   0.017   0.00708  0.0167   -0.0905  0.0176    0.0706  0.0153    83     0  13  0   0.00548   2.0
    20.89      0.526    0.00744    0.0987    0.0698 0.5161 0.0147  10.57   1.15  234.55   0.18  123.39   0.30  -0.0332 0.0054  0.163 2.13779   0.698  0.0155  0.0152        902.8       1154.5   -7.39   -7.66    665   1369   -0.0181  0.0156   0.00505  0.0152   -0.0775   0.016    0.0742  0.0155    88     0  10  0   0.00193   2.0
    22.97      0.462    0.00487    0.0674    0.0477 0.5236 0.0134   9.06   1.04  234.52   0.18  123.62   0.30  -0.0213 0.0027  0.127 2.18934   0.838  0.0115  0.0114       964.51       1237.9   -7.46   -7.73    789   1649   -0.0178  0.0143   0.00979   0.014   -0.0579  0.0126    0.0727  0.0138    96     0  10  0   0.00197   2.0
    25.27      0.417    0.00412    0.0595     0.042 0.5310 0.0099   7.58   0.76  234.66   0.14  123.84   0.25  -0.0218 0.0035   0.16 2.24213    0.95  0.0108  0.0107       1034.8       1328.8   -7.54   -7.81    947   2009   0.00729  0.0107  -0.00926  0.0107  -0.00126    0.01    0.0347  0.0115   104     0  10  0   1.32E-4   2.0
    27.80      0.357     0.0039    0.0602    0.0426 0.5036 0.0122  11.09   0.97  234.70   0.20  123.86   0.32  -0.0161 0.0024  0.151 2.29620    1.12  0.0119  0.0118       1135.3       1415.2   -7.64   -7.88   1209   2425    0.0321   0.013   -0.0175  0.0122    0.0345  0.0125    0.0206  0.0118   119     0  10  0   1.12E-4   2.0
    30.58      0.312    0.00245    0.0407    0.0288 0.4508 0.0072  21.26   0.60  235.01   0.13  123.08   0.18  -0.0174 0.0019   0.11 2.35157    1.27 0.00856 0.00849       1271.8       1505.3   -7.76   -7.94   1617   2941    0.0161 0.00641   -0.0206 0.00657    0.0231 0.00628    0.0098 0.00589   138     0  10  0   5.18E-4   2.0
    33.64      0.237    0.00217    0.0384    0.0272 0.4225 0.0063  23.90   0.55  235.19   0.13  122.08   0.16  -0.0169 0.0012 0.0695 2.40827    1.56 0.00998 0.00989       1392.1       1591.8   -7.86     -8.   2053   3569  -0.00457 0.00514   -0.0221 0.00535   2.12E-4 0.00501    0.0133 0.00511   157     0  10  0   3.75E-4   2.0
    37.00      0.173     0.0017    0.0315    0.0222 0.4225 0.0073  22.86   0.64  235.19   0.16  122.08   0.21  -0.0101  0.001  0.099 2.46635    1.91  0.0107  0.0106       1480.1       1672.8   -7.93   -8.06   2483   4293  -0.00265 0.00636   0.00473 0.00638   6.85E-4 0.00632   0.00557 0.00639   172     0  50  2   0.00373   2.0
    40.70      0.147    0.00154    0.0296    0.0209 0.4507 0.0073  22.86   0.61  235.03   0.18  121.52   0.24 -0.00806 8.0E-4 0.0989 2.52582    2.08  0.0114  0.0113       1540.3       1752.2   -7.97   -8.11   2859   5193    -0.013 0.00672    0.0061 0.00662  -0.00452 0.00657  -0.00649 0.00662   184     0  10  0   8.16E-4   2.0
    44.77       0.12     0.0014     0.028    0.0198 0.4576 0.0101  22.99   0.84  234.41   0.27  122.54   0.38 -0.00474 7.6E-4  0.161 2.58673     2.3  0.0127  0.0126       1613.2        1833.   -8.02   -8.16   3413   6293  -0.00913 0.00929    0.0253    0.01  -0.00371 0.00916   2.47E-4 0.00919   201     0  10  0   3.83E-4   2.0
    49.25      0.101    0.00144      0.03    0.0212 0.4706 0.0076  24.69   0.62  233.30   0.23  123.27   0.32  -0.0057 6.6E-4  0.116 2.64910    2.49  0.0155  0.0153       1681.9       1914.6   -8.06   -8.21   4039   7637    -0.028 0.00753    0.0259 0.00739  -5.56E-4 0.00675  -0.00634 0.00679   219     0  10  0   0.00139   2.0
    54.17     0.0833    0.00147    0.0334    0.0236 0.3992 0.0132  36.45   1.21  227.68   0.46  125.84   0.51 -0.00347 5.7E-4  0.163 2.71298     2.7  0.0193   0.019       1814.8        1987.   -8.15   -8.25   5533   9233    0.0185   0.011    -0.047  0.0131    0.0241  0.0112   -0.0137  0.0107   259     0  17  0   0.00162   2.0
    59.59     0.0677    0.00129    0.0306    0.0216 0.4084 0.0097  41.94   0.88  228.68   0.39  124.91   0.41  -0.0037 4.7E-4  0.128 2.77840    2.92  0.0209  0.0205       1895.7       2055.5   -8.19   -8.28   6601  11165  -2.02E-4  0.0075   -0.0587  0.0106    0.0336  0.0084   0.00343 0.00724   282     0  16  0    0.0012   2.0
    65.55      0.043    0.00108    0.0273    0.0193 0.3711 0.0120  49.34   1.16  232.71   0.53  123.38   0.50 -0.00242 3.6E-4   0.15 2.84540    3.42  0.0275  0.0268        2007.       2114.7   -8.26   -8.31   8487  13509   -0.0286  0.0103   -0.0214 0.00991    0.0138 0.00954  -0.00623  0.0094   321     0  50  2   0.00281   2.0
    72.10     0.0255    9.94E-4    0.0269     0.019 0.3258 0.0171  42.70   1.82  234.62   0.76  120.23   0.78 -0.00153 3.1E-4  0.204 2.91401    3.98  0.0432  0.0415       2086.9       2153.6    -8.3   -8.33  11009  16321    0.0111  0.0128    0.0265  0.0137  -0.00385  0.0126   0.00403  0.0127   367     0  21  0   0.00121   2.0
    79.32     0.0175    9.42E-4    0.0268    0.0189 0.3258 0.0171  42.70   1.81  235.48   0.84  121.03   0.86 -0.00131 2.6E-4  0.195 2.98428    4.39  0.0602  0.0571       2134.4       2216.9   -8.32   -8.36  13331  19789   -0.0275  0.0137    0.0173   0.013    0.0118  0.0127    0.0209  0.0132   404     0  50  2   0.00317   2.0
    87.25    0.00915    8.55E-4    0.0255     0.018 0.3258 0.0347  40.45   3.68  240.71   1.85  122.57   1.94 -5.35E-4 1.4E-4  0.257 3.05624     5.1   0.106   0.097       2164.9        2259.   -8.34   -8.38  16125  23929   -0.0138  0.0258    0.0644  0.0305   -0.0601  0.0296    0.0659  0.0305   444     0  50  2   0.00172   2.0
    95.97    0.00414    8.40E-4    0.0276    0.0195 0.1942 0.0204  33.93   3.34  228.01   1.07  113.57   1.14 -9.78E-4  INDEF  INDEF 3.12994    5.96   0.246   0.201       2242.5       2280.4   -8.38    -8.4  23313  28913   -0.0256  0.0241    0.0163  0.0182     0.002  0.0127  -0.00144  0.0127   538     0  11  0   6.99E-4   2.0
