SMA     INTENS    INT_ERR   PIX_VAR       RMS  ELLIP ELLIP_ERR      PA  PA_ERR      X0 X0_ERR      Y0 Y0_ERR     GRAD GRAD_ERR GRAD_R_ERR       RSMA     MAG MAG_LERR MAG_UERR      TFLUX_E      TFLUX_C  TMAG_E  TMAG_C NPIX_E NPIX_C        A3  A3_ERR        B3  B3_ERR        A4  A4_ERR        B4  B4_ERR NDATA NFLAG NITER  STOP     A_BIG SAREA
pixel                                                            degrees degrees   pixel  pixel   pixel  pixel                              pixel**1/4                                                                                                                                                                                             pixel

     0.00       5.82      INDEF     INDEF     INDEF  INDEF     INDEF   INDEF   INDEF  193.07  INDEF  175.89  INDEF   -0.695    INDEF      INDEF    0.00000   -1.91    INDEF    INDEF        INDEF        INDEF   INDEF   INDEF  INDEF  INDEF     INDEF   INDEF     INDEF   INDEF     INDEF   INDEF     INDEF   INDEF     1     0 INDEF INDEF     INDEF INDEF
     0.52       5.46     0.0117    0.0599    0.0423 0.0524    0.1046  -37.41   60.76  193.07   0.03  175.89   0.03   -0.696    0.338      0.486    0.84958   -1.84  0.00234  0.00233       5.8203       5.8203   -1.91   -1.91      1      1   -0.0949  0.0606   -0.0429  0.0431    0.0541  0.0325   -0.0877  0.0464    13     0    12     0    0.0025   2.0
     0.57       5.42     0.0125    0.0639    0.0452 0.0524    0.1016  -37.84   59.01  193.08   0.03  175.88   0.03   -0.693    0.328      0.473    0.87007   -1.84  0.00251   0.0025       5.8203       5.8203   -1.91   -1.91      1      1   -0.0937  0.0584   -0.0391  0.0409    0.0503    0.03   -0.0867  0.0446    13     0    11     0   0.00381   2.0
     0.63       5.38      0.014    0.0713    0.0504 0.0524    0.1039  -37.53   60.36  193.08   0.03  175.88   0.03    -0.69    0.334      0.484    0.89105   -1.83  0.00282  0.00282       5.8203       5.8203   -1.91   -1.91      1      1   -0.0933  0.0597   -0.0433   0.043    0.0522  0.0316   -0.0889  0.0466    13     0    13     0   0.00236   2.0
     0.69       5.34     0.0126    0.0642    0.0454 0.0524    0.0827  -18.83   48.07  193.09   0.03  175.86   0.03   -0.707    0.271      0.383    0.91254   -1.82  0.00256  0.00256       5.8203       5.8203   -1.91   -1.91      1      1  -0.00985  0.0298   -0.0838  0.0428    0.0848  0.0347    0.0129  0.0127    13     0    13     0   0.00366   2.0
     0.76        5.3     0.0137    0.0698    0.0493 0.0776    0.0812  -19.46   32.27  193.09   0.03  175.85   0.03   -0.694    0.267      0.384    0.93454   -1.81  0.00281   0.0028       5.8203       5.8203   -1.91   -1.91      1      1    -0.014    0.03    -0.085  0.0432    0.0847  0.0349   0.00734  0.0123    13     0    50     2   0.00273   2.0
     0.84       5.24      0.015    0.0763     0.054 0.0776    0.0757  -19.46   30.06  193.10   0.03  175.83   0.03   -0.742    0.253      0.341    0.95708    -1.8   0.0031  0.00309       5.8203       5.8203   -1.91   -1.91      1      1    -0.012  0.0274   -0.0805  0.0379     0.078   0.029   0.00632  0.0112    13     0    50     2   0.00116   2.0
     0.92       5.18     0.0168    0.0855    0.0604 0.0694    0.0702  -25.75   31.06  193.10   0.03  175.83   0.03   -0.819    0.252      0.307    0.98016   -1.79  0.00352  0.00351       5.8203       5.8203   -1.91   -1.91      1      1   -0.0154   0.028   -0.0637   0.033    0.0692  0.0251   -0.0296  0.0156    13     0    10     0   0.00468   2.0
     1.02       5.11     0.0165    0.0839    0.0594 0.0809    0.0540  -29.34   20.61  193.10   0.03  175.83   0.03    -0.94    0.217       0.23    1.00379   -1.77   0.0035  0.00349       5.8203       26.703   -1.91   -3.57      1      5   -0.0167  0.0222   -0.0471  0.0237    0.0476  0.0161   -0.0306  0.0133    13     0    21     0    0.0032   2.0
     1.12       5.02      0.015    0.0765    0.0541 0.0680    0.0438  -27.78   19.75  193.08   0.03  175.84   0.03   -0.974    0.181      0.186    1.02800   -1.75  0.00325  0.00324       26.703       26.703   -3.57   -3.57      5      5   0.00697  0.0202   -0.0243  0.0199    0.0456  0.0143   -0.0228  0.0118    13     0    15     0   0.00362   2.0
     1.23       4.89     0.0106    0.0538     0.038 0.0492    0.0247  -43.21   15.25  193.07   0.02  175.86   0.02    -1.12    0.127      0.113    1.05279   -1.72  0.00234  0.00234       26.703       26.703   -3.57   -3.57      5      5  -0.00253  0.0101     -0.02 0.00994  -0.00984 0.00883   -0.0124 0.00847    13     0    17     0   0.00209   2.0
     1.35       4.75     0.0117    0.0596    0.0421 0.0492    0.0233  -46.48   14.40  193.05   0.02  175.86   0.02     -1.2    0.122      0.102    1.07817   -1.69  0.00267  0.00266       26.703       26.703   -3.57   -3.57      5      5  -0.00175  0.0103   -0.0148 0.00999   -0.0113 0.00959   0.00475 0.00909    13     0    22     0   0.00328   2.0
     1.49       4.57     0.0112    0.0571    0.0404 0.0268    0.0203  -46.72   22.75  193.04   0.02  175.85   0.02    -1.23     0.11     0.0895    1.10417   -1.65  0.00266  0.00265       45.586       45.586   -4.15   -4.15      9      9  -0.00623 0.00921  -0.00688 0.00886  -0.00897 0.00818   0.00965 0.00781    13     0    50     2    0.0046   2.0
     1.64       4.38    0.00865    0.0441    0.0312 0.0210    0.0139  -69.16   19.79  193.04   0.01  175.86   0.01    -1.27   0.0731     0.0575    1.13080    -1.6  0.00214  0.00214       45.586       45.586   -4.15   -4.15      9      9   0.00207  0.0065   0.00245 0.00625   0.00972  0.0057  -0.00273 0.00541    13     0    16     0   0.00113   2.0
     1.80       4.18     0.0105    0.0537    0.0379 0.0076    0.0157  -80.65   61.24  193.03   0.01  175.84   0.01    -1.26   0.0813     0.0643    1.15806   -1.55  0.00274  0.00273       45.586       45.586   -4.15   -4.15      9      9   0.00445   0.007   0.00502 0.00673   0.00877 0.00602   0.00762 0.00574    13     0    10     0   8.46E-4   2.0
     1.98       3.97    0.00552    0.0281    0.0199 0.0212    0.0074   72.51   10.45  193.03   0.01  175.85   0.01    -1.26   0.0672     0.0534    1.18599    -1.5  0.00151  0.00151       45.586       45.586   -4.15   -4.15      9      9  -0.00214 0.00309  -0.00464 0.00298   0.00543 0.00201  -0.00474 0.00192    13     0    16     0   9.08E-4   2.0
     2.18       3.73    0.00598    0.0317    0.0224 0.0213    0.0077   65.89   10.83  193.01   0.01  175.83   0.01    -1.17   0.0509     0.0436    1.21459   -1.43  0.00174  0.00174       61.512       61.512   -4.47   -4.47     13     13  -3.19E-4 0.00357  -0.00287 0.00343   7.69E-4 0.00242  -0.00833 0.00233    14     0    34     0   0.00167   2.0
     2.39       3.49    0.00833    0.0456    0.0322 0.0326    0.0105   64.10    9.47  193.00   0.01  175.82   0.01    -1.07    0.054     0.0506    1.24388   -1.36  0.00259  0.00258       90.488       90.488   -4.89   -4.89     21     21   0.00589 0.00397  -0.00861 0.00393  -6.20E-4 0.00341  -0.00686 0.00339    15     0    47     0    0.0016   2.0
     2.63       3.23    0.00966    0.0563    0.0398 0.0289    0.0098   53.81   10.26  192.99   0.01  175.81   0.01   -0.998   0.0565     0.0566    1.27387   -1.27  0.00325  0.00324       90.488       90.488   -4.89   -4.89     21     21  -0.00106 0.00376    -0.011 0.00364  -0.00719 0.00327  -4.20E-4 0.00308    17     0    50     2    0.0221   2.0
     2.90       2.96     0.0113    0.0679     0.048 0.0289    0.0133   53.81   13.47  192.99   0.02  175.81   0.02   -0.919   0.0479     0.0522    1.30459   -1.18  0.00415  0.00413       96.582       102.56   -4.96   -5.03     23     25   6.48E-4 0.00514   -0.0147 0.00518  -0.00897 0.00437   0.00571 0.00434    18     0    30     0   0.00118   2.0
     3.19        2.7     0.0092    0.0582    0.0411 0.0313    0.0116   44.81   10.95  192.97   0.02  175.81   0.02   -0.761   0.0329     0.0432    1.33605   -1.08   0.0037  0.00369       124.55       135.14   -5.24   -5.33     33     37    0.0018 0.00455   -0.0139 0.00451   0.00125 0.00372    0.0106 0.00368    20     0    10     0   7.59E-4   2.0
     3.50       2.47    0.00589    0.0391    0.0276 0.0368    0.0076   52.79    6.13  192.97   0.01  175.81   0.01   -0.665   0.0237     0.0357    1.36826  -0.981  0.00259  0.00259       135.14       135.14   -5.33   -5.33     37     37   0.00805 0.00314  -0.00468 0.00307   8.37E-4 0.00307    0.0024 0.00301    22     0    10     0   1.94E-4   2.0
     3.86       2.23    0.00486    0.0337    0.0238 0.0358    0.0065   50.82    5.30  192.97   0.01  175.83   0.01   -0.584   0.0193      0.033    1.40126  -0.871  0.00237  0.00236       153.86       153.86   -5.47   -5.47     45     45   0.00694 0.00265  -0.00462 0.00262   0.00118 0.00253   0.00316 0.00251    24     0    10     0   1.03E-4   2.0
     4.24         2.    0.00639     0.047    0.0332 0.0322    0.0093   59.90    8.63  192.97   0.02  175.84   0.02   -0.477   0.0196     0.0411    1.43505  -0.753  0.00348  0.00346       174.43       178.44    -5.6   -5.63     55     57    0.0127 0.00398  -7.33E-4 0.00383  -0.00538 0.00377   0.00232 0.00365    27     0    10     0   1.69E-4   2.0
     4.67        1.8    0.00466    0.0355    0.0251 0.0282    0.0073   65.49    7.51  192.95   0.02  175.86   0.02   -0.407   0.0144     0.0355    1.46965  -0.635  0.00282  0.00282       201.02       201.02   -5.76   -5.76     69     69   0.00934  0.0031   0.00196 0.00307   3.98E-5 0.00307   0.00157 0.00306    29     0    10     0   5.04E-4   2.0
     5.13       1.61    0.00364    0.0291    0.0206 0.0359    0.0062   58.97    5.09  192.92   0.02  175.90   0.02   -0.332   0.0126      0.038    1.50509  -0.518  0.00246  0.00245       214.18       233.19   -5.83   -5.92     77     89  -3.24E-5 0.00284  -0.00708 0.00282   0.00286 0.00247   0.00701 0.00245    32     0    10     0   9.46E-4   2.0
     5.64       1.46    0.00501    0.0419    0.0297 0.0510    0.0086   51.58    5.01  192.92   0.03  175.87   0.02   -0.294   0.0136     0.0462    1.54138  -0.408  0.00375  0.00373       242.17       245.04   -5.96   -5.97     95     97    -0.011 0.00386  -0.00628 0.00378    0.0111 0.00321   0.00465 0.00314    35     0    10     0   1.33E-4   2.0
     6.21       1.29    0.00503    0.0438     0.031 0.0502    0.0098   44.06    5.76  192.92   0.03  175.84   0.03   -0.234   0.0098     0.0418    1.57855  -0.276  0.00424  0.00423       271.89       276.95   -6.09   -6.11    117    121    -0.015 0.00438   0.00122 0.00433   0.00921 0.00405  -0.00135 0.00404    38     0    10     0   1.64E-4   2.0
     6.83       1.15    0.00302    0.0277    0.0196 0.0515    0.0063   46.33    3.62  192.94   0.02  175.83   0.02   -0.197   0.0064     0.0323    1.61662  -0.148  0.00287  0.00286       300.86       305.25    -6.2   -6.21    141    145  -0.00562 0.00308  -0.00379 0.00306   0.00239 0.00294  -0.00504 0.00293    42     0    10     0   5.25E-4   2.0
     7.51       1.02    0.00303    0.0291    0.0206 0.0655    0.0070   47.90    3.20  192.91   0.03  175.88   0.03   -0.159   0.0059     0.0371    1.65560 -0.0245  0.00323  0.00322       328.64       338.42   -6.29   -6.32    167    177  -8.99E-4 0.00362  -0.00479 0.00359   0.00116 0.00348  -0.00647 0.00345    46     0    10     0   1.42E-4   2.0
     8.26      0.901    0.00317    0.0317    0.0224 0.0613    0.0076   51.90    3.64  192.93   0.03  175.89   0.03    -0.14    0.005     0.0356    1.69552   0.114  0.00383  0.00382       357.49       378.47   -6.38   -6.45    197    221  -0.00908 0.00372  -5.11E-4 0.00373  -0.00553 0.00361  -0.00276 0.00362    50     0    10     0   2.04E-5   2.0
     9.09      0.777    0.00259    0.0274    0.0194 0.0489    0.0065   50.45    3.93  192.92   0.03  175.92   0.03   -0.122   0.0042     0.0346    1.73641   0.274  0.00363  0.00361       398.09       410.02    -6.5   -6.53    245    261  -0.00784 0.00321  -5.46E-4 0.00318  -0.00519 0.00297    0.0071 0.00295    56     0    10     0   7.43E-5   2.0
    10.00      0.668    0.00267    0.0294    0.0208 0.0534    0.0082   40.35    4.49  192.92   0.04  175.93   0.04  -0.0907   0.0037     0.0403    1.77828   0.438  0.00434  0.00432       436.89       448.22    -6.6   -6.63    299    317   -0.0102 0.00399   0.00393 0.00398  -0.00194  0.0039  -0.00533 0.00392    61     0    20     0   1.12E-5   2.0
    11.00      0.575    0.00231    0.0268    0.0189 0.0455    0.0077   46.26    4.94  193.01   0.04  175.97   0.04   -0.076    0.003     0.0395    1.82116   0.601  0.00437  0.00436       475.17       483.94   -6.69   -6.71    361    377  -0.00635 0.00388   4.63E-4  0.0039  -0.00252 0.00386   2.54E-4 0.00389    67     0    10     0   7.69E-5   2.0
    12.10      0.491    0.00223    0.0271    0.0192 0.0448    0.0088   49.75    5.71  193.00   0.05  176.10   0.05  -0.0585   0.0029     0.0497    1.86508   0.772  0.00494  0.00491       513.59       528.79   -6.78   -6.81    433    465  -0.00852 0.00432  -0.00735 0.00434  -0.00963 0.00389   -0.0128 0.00393    74     0    10     0   1.08E-4   2.0
    13.31      0.418    0.00272    0.0348    0.0246 0.0380    0.0128   32.15    9.87  192.94   0.09  176.11   0.09  -0.0445   0.0027     0.0597    1.91005   0.947  0.00708  0.00704       558.88       567.27   -6.87   -6.88    533    553   -0.0282 0.00601  -2.27E-4 0.00577   -0.0201 0.00541  -0.00458 0.00529    82     0    10     0   5.95E-5   2.0
    14.64      0.363    0.00227    0.0302    0.0214 0.0503    0.0123   26.28    7.13  192.78   0.09  176.19   0.09  -0.0347   0.0021     0.0607    1.95611     1.1  0.00681  0.00676       600.92       612.27   -6.95   -6.97    641    673   -0.0217 0.00583     0.015  0.0058   -0.0169 0.00548  -3.63E-4 0.00542    89     0    10     0   1.70E-4   2.0
    16.11       0.31    0.00193    0.0272    0.0192 0.0423    0.0143   37.70    9.93  192.81   0.12  176.22   0.12  -0.0231   0.0015     0.0641    2.00328    1.27   0.0068  0.00675       645.16       654.95   -7.02   -7.04    773    805   -0.0216 0.00712    0.0112 0.00702   -0.0262 0.00659  -0.00982  0.0064    99     0    10     0   1.17E-5   2.0
    17.72      0.275    0.00153    0.0225    0.0159 0.0544    0.0121   38.45    6.52  192.96   0.11  176.01   0.11  -0.0195   0.0012     0.0634    2.05158     1.4  0.00604  0.00601       692.96       704.65    -7.1   -7.12    937    981   -0.0296 0.00585    0.0082 0.00558   -0.0148 0.00529   -0.0127 0.00528   108     0    10     0   1.04E-4   2.0
    19.49      0.247    0.00143    0.0219    0.0155 0.0806    0.0116   42.84    4.30  193.05   0.12  176.15   0.12  -0.0167    0.001     0.0624    2.10105    1.52  0.00631  0.00628       734.55        758.7   -7.17    -7.2   1097   1201   -0.0223 0.00603  -0.00699  0.0059   -0.0152 0.00574   0.00622 0.00569   117     0    10     0   2.47E-4   2.0
    21.44      0.215    0.00137    0.0219    0.0155 0.0806    0.0194   49.76    7.18  193.05   0.22  176.15   0.22 -0.00803   0.0016      0.198    2.15172    1.67  0.00692  0.00688        787.4        812.8   -7.24   -7.27   1327   1449   -0.0327  0.0119   -0.0145  0.0104    -0.021  0.0106   -0.0121    0.01   129     0    50     2   0.00711   2.0
    23.58      0.194    0.00136    0.0231    0.0164 0.0455    0.0221  -79.99   14.16  192.04   0.27  175.59   0.26 -0.00719   0.0012      0.166    2.20360    1.78  0.00767  0.00762         857.       872.11   -7.33   -7.35   1669   1749   -0.0662  0.0148    0.0165  0.0103   -0.0106 0.00986     0.019  0.0102   144     0    10     0   7.53E-4   2.0
    25.94      0.181    0.00115    0.0203    0.0144 0.0714    0.0163  -25.91    6.73  192.32   0.21  174.80   0.22 -0.00727    0.001      0.139    2.25674    1.86  0.00693  0.00688       912.37       934.73    -7.4   -7.43   1967   2093    0.0299 0.00929  -0.00278 0.00837    0.0255 0.00878   0.00615 0.00813   156     0    10     0   3.39E-4   2.0
    28.53      0.164     0.0011    0.0206    0.0146 0.0461    0.0164  -115.9   10.36  193.16   0.24  174.39   0.24 -0.00626   8.5E-4      0.136    2.31116    1.96  0.00734  0.00729       994.16       1012.8   -7.49   -7.51   2445   2561   -0.0126 0.00814     0.037 0.00946  -4.42E-4  0.0079    0.0126 0.00813   174     0    50     2   0.00383   2.0
    31.38      0.157    9.64E-4    0.0185    0.0131 0.1178    0.0127   46.57    3.26  191.91   0.21  175.52   0.21 -0.00597   6.9E-4      0.115    2.36689    2.01  0.00667  0.00662       1039.3       1092.3   -7.54    -7.6   2731   3093   -0.0237 0.00739   -0.0051 0.00693   -0.0245 0.00714    0.0126 0.00675   184     0    50     2   0.00256   2.0
    34.52      0.141    9.01E-4    0.0181    0.0128 0.1178    0.0160   55.05    4.14  191.63   0.30  176.46   0.29 -0.00409   6.4E-4      0.157    2.42396    2.13  0.00696  0.00692       1124.4       1183.3   -7.63   -7.68   3305   3745    0.0149 0.00909    0.0259  0.0097   -0.0044  0.0088   0.00331 0.00881   203     0    50     2   0.00117   2.0
    37.97      0.121    9.02E-4    0.0196    0.0139 0.0086    0.0187  -34.95   62.29  191.77   0.36  175.24   0.36 -0.00357   5.7E-4      0.159    2.48241    2.29  0.00813  0.00807       1278.8       1281.3   -7.77   -7.77   4487   4509    0.0206 0.00981   0.00888 0.00938   -0.0175 0.00905    0.0487  0.0116   237     0    50     2   0.00214   2.0
    41.77      0.114    9.86E-4    0.0222    0.0157 0.0598    0.0142   33.60    6.97  192.28   0.30  175.85   0.31 -0.00446   4.9E-4      0.109    2.54228    2.36  0.00947  0.00939       1356.8       1391.7   -7.83   -7.86   5147   5473   -0.0311 0.00793    0.0113 0.00732     0.056 0.00867   -0.0165 0.00644   253     0    50     2   0.00113   2.0
    45.95     0.0895    9.80E-4    0.0234    0.0165 0.0227    0.0152  -117.9   19.34  192.85   0.35  177.08   0.35 -0.00383   4.5E-4      0.117    2.60358    2.62    0.012   0.0118       1493.2       1504.5   -7.94   -7.94   6481   6613    0.0274 0.00768   -0.0479 0.00897    0.0229 0.00735  -0.00216 0.00689   284     0    50     2     0.003   2.0
    50.54     0.0849    8.71E-4    0.0214    0.0152 0.0850    0.0074   45.06    2.60  195.28   0.20  174.03   0.20 -0.00607   3.3E-4     0.0542    2.66636    2.68   0.0112   0.0111       1570.6       1620.1   -7.99   -8.02   7359   8029    0.0222 0.00385    0.0182  0.0038  -6.27E-4 0.00356   -0.0144 0.00365   303     0    10     0   0.00104   2.0
    55.60     0.0552    6.17E-4    0.0159    0.0113 0.0850    0.0092   45.06    3.24  193.67   0.27  173.96   0.27 -0.00309   2.8E-4     0.0914    2.73066    3.15   0.0122   0.0121        1675.       1714.5   -8.06   -8.09   8883   9721  -7.85E-4 0.00498   0.00921 0.00507   6.43E-4 0.00498   0.00266   0.005   333     0    50     2   0.00206   2.0
    61.16     0.0451    9.89E-4    0.0264    0.0186 0.1382    0.0235   62.11    5.24  193.67   0.80  173.96   0.75 -0.00167   3.1E-4      0.184    2.79650    3.37   0.0241   0.0236       1735.9       1792.8    -8.1   -8.13  10133  11761   -0.0649  0.0177   -0.0268   0.014    0.0674  0.0177   -0.0102  0.0127   355     0    50     2   0.00297   2.0
    67.28     0.0364    0.00117    0.0322    0.0228 0.1731    0.0233   70.07    4.21  194.13   0.91  175.25   0.82 -0.00173   2.6E-4      0.152    2.86394     3.6   0.0353   0.0342       1807.1       1875.6   -8.14   -8.18  11747  14249    -0.064  0.0166   -0.0419  0.0149    0.0429  0.0145    0.0537  0.0154   382     0    50     2   0.00319   2.0
    74.00     0.0263    6.62E-4    0.0192    0.0136 0.1731    0.0288   70.07    5.22  195.47   1.24  178.94   1.11 -7.26E-4   1.7E-4       0.24    2.93300    3.95   0.0277    0.027       1883.3       1955.8   -8.19   -8.23  14219  17193   -0.0642  0.0229    0.0359  0.0191    0.0526  0.0206    0.0811  0.0254   421     0    50     2   0.00177   2.0
    81.40     0.0212    5.70E-4    0.0177    0.0125 0.1066    0.0173   29.44    4.90  193.83   0.73  180.63   0.76 -0.00103   1.4E-4      0.133    3.00372    4.18   0.0296   0.0288        1988.       2026.1   -8.25   -8.27  18593  20841    0.0431   0.011      0.02 0.00977   -0.0136  0.0095   -0.0186 0.00966   482     0    19     0   8.11E-4   2.0
    89.54     0.0156    5.29E-4    0.0169     0.012 0.1567    0.0233   38.25    4.62  194.14   1.12  180.88   1.16 -5.92E-4   1.2E-4       0.21    3.07615    4.52   0.0375   0.0362       2037.7       2082.8   -8.27    -8.3  21249  25193    0.0532  0.0175    0.0341  0.0153   -0.0122  0.0136    0.0367  0.0154   514     0    50     2   0.00278   2.0
    98.50     0.0118    4.71E-4    0.0157    0.0111 0.1811    0.0352   41.81    6.12  195.09   1.91  177.39   1.94 -3.14E-4   1.1E-4       0.34    3.15033    4.82   0.0443   0.0426       2091.6       2138.9    -8.3   -8.33  24957  30525  -0.00529  0.0215    -0.014   0.022    0.0502  0.0272     0.047  0.0266   557     0    50     2   0.00148   2.0
   108.35     0.0109    4.90E-4    0.0167    0.0118 0.2589    0.0472   59.15    6.03  193.10   3.18  175.82   2.86 -2.00E-4   9.7E-5      0.484    3.22630    4.91   0.0499   0.0477       2120.7       2193.8   -8.32   -8.35  27323  36905    0.0762  0.0486   5.38E-4  0.0318     0.123  0.0672    0.0989  0.0571   581     0    31     0   8.28E-4   2.0
   119.18    0.00823    4.25E-4    0.0152    0.0107 0.2589    0.0319   65.19    4.08  201.04   2.40  173.16   2.08 -2.34E-4   5.2E-5      0.221    3.30409    5.21   0.0576   0.0547       2174.5       2252.7   -8.34   -8.38  33069  44621    0.0159  0.0218    -0.014  0.0218    0.0616  0.0253    -0.023   0.022   639     0    50     2   9.86E-4   2.0
   131.10    0.00434    3.87E-4    0.0154    0.0109 0.0731    0.0669   77.27   27.16  198.23   4.68  161.23   4.43 -1.16E-4   4.1E-5      0.354    3.38377    5.91    0.101   0.0927       2284.1       2300.5    -8.4    -8.4  50029  54013    0.0625  0.0418    -0.156  0.0658   -0.0989  0.0497   -0.0139  0.0357   790     0    42     0   4.57E-4   2.0
   144.21    0.00351    3.59E-4     0.015    0.0106 0.0705    0.0585   75.95   24.56  203.35   4.49  164.02   4.26 -1.12E-4   3.6E-5      0.318    3.46536    6.14    0.117    0.106       2323.1        2335.   -8.42   -8.42  60727  65333    0.0157  0.0317   -0.0592  0.0366    0.0515  0.0353    0.0303  0.0328   870     0    19     0   6.95E-4   2.0
   158.63     0.0036    3.77E-4    0.0159    0.0112 0.2000     INDEF   75.95   INDEF  203.35  INDEF  164.02  INDEF -7.58E-5   3.5E-5      0.465    3.54893    6.11     0.12    0.108       2332.9       2369.7   -8.42   -8.44  63223  79028    0.0383  0.0473    -0.128  0.0738   -0.0509  0.0496     0.105  0.0656   885     0    10     4   0.00127   2.0
   174.49    0.00239    4.12E-4    0.0175    0.0124 0.2000     INDEF   75.95   INDEF  203.35  INDEF  164.02  INDEF -7.06E-5   3.2E-5      0.457    3.63450    6.55    0.205    0.172       2369.6        2400.   -8.44   -8.45  76347  92681     0.182  0.0952   -0.0207  0.0489    -0.053  0.0525   -0.0374  0.0504   900    74     1     4    0.0182   2.0
   191.94    0.00116    3.83E-4    0.0163    0.0115 0.2000     INDEF   75.95   INDEF  203.35  INDEF  164.02  INDEF -5.64E-5    INDEF      INDEF    3.72215    7.34    0.433    0.309       2397.8       2421.7   -8.45   -8.46  90523 103828    0.0482  0.0624    0.0515  0.0655    0.0561  0.0673    0.0276  0.0544   902   169     1     4    0.0182   2.0
