SMA     INTENS    INT_ERR   PIX_VAR       RMS  ELLIP ELLIP_ERR      PA  PA_ERR      X0 X0_ERR      Y0 Y0_ERR     GRAD GRAD_ERR GRAD_R_ERR       RSMA     MAG MAG_LERR MAG_UERR      TFLUX_E      TFLUX_C  TMAG_E  TMAG_C NPIX_E NPIX_C        A3  A3_ERR        B3  B3_ERR        A4  A4_ERR        B4  B4_ERR NDATA NFLAG NITER  STOP     A_BIG SAREA
pixel                                                            degrees degrees   pixel  pixel   pixel  pixel                              pixel**1/4                                                                                                                                                                                             pixel

     0.00       3.44      INDEF     INDEF     INDEF  INDEF     INDEF   INDEF   INDEF  405.28  INDEF  246.94  INDEF   -0.181    INDEF      INDEF    0.00000   -1.34    INDEF    INDEF        INDEF        INDEF   INDEF   INDEF  INDEF  INDEF     INDEF   INDEF     INDEF   INDEF     INDEF   INDEF     INDEF   INDEF     1     0 INDEF INDEF     INDEF INDEF
     0.53       3.34    0.00313     0.016    0.0113 0.4768    0.0548  -88.65    4.47  405.28   0.03  246.94   0.02   -0.191   0.0968      0.506    0.85475   -1.31  0.00102  0.00102       3.4414       3.4414   -1.34   -1.34      1      1    0.0436  0.0332     0.121  0.0656   -0.0169  0.0252   -0.0179  0.0243    13     0    10     0   7.38E-5   2.0
     0.59       3.34    0.00338    0.0172    0.0122 0.4816    0.0539  -88.38    4.37  405.31   0.03  246.94   0.02   -0.189   0.0953      0.505    0.87536   -1.31   0.0011   0.0011       3.4414       3.4414   -1.34   -1.34      1      1    0.0428  0.0329      0.12   0.065   -0.0165   0.025   -0.0197  0.0246    13     0    10     0   2.21E-4   2.0
     0.65       3.33    0.00366    0.0187    0.0132 0.4993    0.0478  -87.91    3.78  405.34   0.03  246.93   0.02   -0.202    0.087      0.431    0.89646   -1.31  0.00119  0.00119       3.4414       3.4414   -1.34   -1.34      1      1    0.0393  0.0293     0.108  0.0518   -0.0141   0.023   -0.0243  0.0236    13     0    11     0   8.70E-4   2.0
     0.71        3.3    0.00323    0.0165    0.0117 0.3697    0.0385  -85.18    3.78  405.38   0.02  246.92   0.01   -0.254   0.0758      0.299    0.91808    -1.3  0.00106  0.00106       3.4414       3.4414   -1.34   -1.34      1      1    0.0315  0.0173    0.0682  0.0247  -0.00794  0.0118   -0.0257  0.0134    13     0    10     0   8.58E-4   2.0
     0.78       3.26    0.00372     0.019    0.0134 0.2330    0.0418  -82.63    6.01  405.42   0.02  246.90   0.02   -0.297   0.0781      0.263    0.94022   -1.28  0.00124  0.00124       3.4414       3.4414   -1.34   -1.34      1      1    0.0358  0.0223    0.0312  0.0211   0.00537  0.0144    -0.043  0.0177    13     0    13     0   0.00108   2.0
     0.86       3.22     0.0047    0.0239    0.0169 0.0643    0.0449  -88.22   21.35  405.44   0.02  246.86   0.02   -0.348   0.0809      0.232    0.96289   -1.27  0.00159  0.00158       3.4414       3.4414   -1.34   -1.34      1      1    0.0324  0.0209  -0.00904  0.0188   -0.0206  0.0186   -0.0131  0.0174    13     0    50     2   0.00769   2.0
     0.95       3.19    0.00615    0.0314    0.0222 0.0643    0.0516  -66.08   24.57  405.44   0.03  246.86   0.03   -0.402   0.0964       0.24    0.98611   -1.26   0.0021  0.00209       3.4414       3.4414   -1.34   -1.34      1      1    0.0488  0.0227    0.0195  0.0193    0.0034  0.0167   -0.0304  0.0175    13     0    10     0   2.13E-4   2.0
     1.04       3.14    0.00588      0.03    0.0212 0.0294    0.0436  -47.22   44.59  405.46   0.02  246.85   0.02   -0.429   0.0847      0.197    1.00989   -1.24  0.00204  0.00203        16.07        16.07   -3.02   -3.02      5      5    0.0233  0.0192    0.0177  0.0182    0.0309   0.017   0.00688  0.0152    13     0    13     0    0.0016   2.0
     1.14        3.1    0.00651    0.0332    0.0235 0.0345    0.0400  -47.45   34.97  405.47   0.02  246.87   0.02   -0.469    0.082      0.175    1.03424   -1.23  0.00228  0.00228        16.07        16.07   -3.02   -3.02      5      5    0.0318  0.0172   0.00259  0.0157    0.0321   0.014  -0.00251  0.0122    13     0    15     0   6.45E-4   2.0
     1.26       3.05     0.0103    0.0524    0.0371 0.0345    0.0543  -56.44   47.53  405.48   0.04  246.89   0.04   -0.495    0.116      0.235    1.05918   -1.21  0.00367  0.00366        16.07        16.07   -3.02   -3.02      5      5    0.0556  0.0228   -0.0122  0.0182    0.0317  0.0162   -0.0192  0.0145    13     0    10     0   0.00213   2.0
     1.38         3.     0.0065    0.0332    0.0234 0.0625    0.0315  -75.63   15.41  405.49   0.02  246.88   0.02   -0.477   0.0724      0.152    1.08472   -1.19  0.00236  0.00235        16.07        16.07   -3.02   -3.02      5      5   2.50E-4  0.0117   -0.0312  0.0122   -0.0117 0.00611   -0.0291 0.00711    13     0    10     0   0.00183   2.0
     1.52       2.95    0.00907    0.0462    0.0327 0.1021    0.0365  -89.52   11.18  405.50   0.03  246.87   0.03   -0.499   0.0802      0.161    1.11088   -1.17  0.00334  0.00333       27.984       27.984   -3.62   -3.62      9      9   -0.0124  0.0136   -0.0388  0.0143    -0.028  0.0111   6.20E-4 0.00968    13     0    10     0   6.30E-4   2.0
     1.68       2.88    0.00812    0.0414    0.0293 0.1162    0.0291   87.93    7.88  405.50   0.03  246.87   0.03   -0.502     0.07      0.139    1.13767   -1.15  0.00306  0.00305        27.98        27.98   -3.62   -3.62      9      9    0.0251    0.01    0.0281 0.00983   -0.0262  0.0052  -0.00873 0.00373    13     0    10     0   9.85E-5   2.0
     1.84       2.81    0.00812    0.0414    0.0293 0.1297    0.0259   87.53    6.33  405.51   0.03  246.86   0.02   -0.505   0.0649      0.129    1.16510   -1.12  0.00315  0.00314        27.98        27.98   -3.62   -3.62      9      9    0.0274 0.00844    0.0235 0.00796   -0.0199 0.00491  -0.00524 0.00405    13     0    10     0   0.00121   2.0
     2.03       2.72    0.00798    0.0407    0.0288 0.1393    0.0230   88.38    5.26  405.51   0.03  246.84   0.02   -0.502   0.0585      0.117    1.19319   -1.09  0.00319  0.00318       33.551       38.695   -3.81   -3.97     11     13    0.0259 0.00718    0.0206 0.00672   -0.0156 0.00464  -0.00202  0.0041    13     0    10     0   7.20E-4   2.0
     2.23       2.64    0.00676    0.0345    0.0244 0.1545    0.0178  -88.96    3.59  405.54   0.02  246.82   0.02   -0.464   0.0494      0.106    1.22197   -1.05  0.00279  0.00278       33.551       38.695   -3.81   -3.97     11     13   -0.0112 0.00785   -0.0126  0.0079   -0.0147 0.00592   0.00789 0.00577    13     0    50     2   0.00795   2.0
     2.45       2.53    0.00816    0.0447    0.0316 0.1545    0.0175  -88.96    3.73  405.54   0.03  246.80   0.02   -0.524   0.0466     0.0888    1.25143   -1.01  0.00351  0.00349       49.004        58.82   -4.23   -4.42     17     21   -0.0161 0.00769    -0.015 0.00723  -0.00617 0.00618    0.0132 0.00588    15     0    10     0   9.82E-5   2.0
     2.70       2.41    0.00742     0.042    0.0297 0.1613    0.0157  -87.76    3.14  405.53   0.02  246.77   0.02   -0.478   0.0397      0.083    1.28161  -0.956  0.00335  0.00334        58.82        58.82   -4.42   -4.42     21     21  -0.00908 0.00597   -0.0215 0.00598  -0.00143 0.00548    0.0078  0.0053    16     0    10     0   1.28E-4   2.0
     2.97       2.28    0.00728    0.0424      0.03 0.1630    0.0139  -86.14    2.66  405.54   0.02  246.74   0.02   -0.482   0.0358     0.0741    1.31251  -0.897  0.00347  0.00345        58.82        67.66   -4.42   -4.58     21     25  -0.00751 0.00419    -0.023 0.00449   5.91E-4 0.00385   0.00576 0.00388    17     0    10     0   2.14E-4   2.0
     3.26       2.13    0.00671    0.0414    0.0293 0.1490    0.0125  -84.12    2.61  405.57   0.02  246.73   0.02   -0.448   0.0322     0.0717    1.34416  -0.821  0.00343  0.00342       80.908       92.613   -4.77   -4.92     31     37  -0.00997 0.00315   -0.0225 0.00345   0.00437 0.00283   -0.0021  0.0028    19     0    10     0   2.77E-5   2.0
     3.59       1.98     0.0059    0.0383    0.0271 0.1432    0.0114  -83.09    2.48  405.61   0.02  246.67   0.02   -0.389   0.0258     0.0661    1.37658  -0.742  0.00324  0.00323        84.91       92.613   -4.82   -4.92     33     37  -0.00354 0.00403   -0.0202 0.00421   0.00383 0.00348  -0.00772 0.00348    21     0    10     0   4.66E-5   2.0
     3.95       1.85    0.00526    0.0357    0.0252 0.1449    0.0101  -83.31    2.17  405.64   0.02  246.60   0.02   -0.351   0.0196     0.0559    1.40977  -0.666   0.0031  0.00309       100.24        107.4     -5.   -5.08     41     45  -0.00176 0.00391    -0.018 0.00402   0.00288 0.00379  -0.00333 0.00377    23     0    10     0   2.19E-4   2.0
     4.34       1.72    0.00518    0.0366    0.0259 0.1550    0.0107  -84.86    2.15  405.64   0.03  246.57   0.02   -0.291   0.0169     0.0579    1.44377  -0.586  0.00328  0.00327       118.07       133.93   -5.18   -5.32     51     61  -0.00111 0.00476   -0.0175 0.00488   0.00239 0.00473   0.00109 0.00474    25     0    10     0   7.18E-5   2.0
     4.78        1.6    0.00473    0.0354     0.025 0.1655    0.0101  -87.13    1.96  405.62   0.03  246.55   0.03   -0.247   0.0146     0.0592    1.47858   -0.51  0.00322  0.00321         131.       146.44   -5.29   -5.41     59     69  -0.00396 0.00552   -0.0104 0.00543  -3.77E-4 0.00521   0.00883 0.00512    28     0    10     0   3.36E-4   2.0
     5.26        1.5    0.00384    0.0297     0.021 0.1890    0.0077  -88.29    1.31  405.59   0.02  246.52   0.02   -0.231   0.0109     0.0471    1.51423  -0.442  0.00278  0.00277       149.61        174.5   -5.44    -5.6     71     89   -0.0119 0.00375  -0.00837 0.00368  -0.00166  0.0035   0.00596 0.00347    30     0    10     0   2.57E-4   2.0
     5.78       1.39    0.00395    0.0321    0.0227 0.2049    0.0080  -87.89    1.28  405.56   0.03  246.50   0.02   -0.203   0.0103     0.0508    1.55075  -0.361  0.00308  0.00307       167.02       190.02   -5.56    -5.7     83    101   -0.0171  0.0039  -0.00383 0.00372  -0.00269 0.00375  -0.00226 0.00366    33     0    10     0   7.25E-4   2.0
     6.36       1.29    0.00404    0.0338    0.0239 0.2202    0.0085  -86.51    1.24  405.56   0.03  246.50   0.03   -0.175   0.0117     0.0668    1.58814  -0.278   0.0034  0.00339       183.19       223.47   -5.66   -5.87     95    129   -0.0205 0.00391  -0.00624  0.0037   0.00207 0.00359  -0.00357 0.00361    35     0    10     0   1.42E-4   2.0
     7.00       1.21    0.00475    0.0414    0.0293 0.2489    0.0097  -85.16    1.29  405.56   0.04  246.47   0.04   -0.157   0.0101     0.0642    1.62644  -0.203  0.00428  0.00426       205.94       241.12   -5.78   -5.96    113    145   -0.0234 0.00461   -0.0132 0.00443    0.0109 0.00401   9.01E-4 0.00394    38     0    10     0   2.39E-4   2.0
     7.70       1.11     0.0049    0.0444    0.0314 0.2685    0.0102  -85.24    1.27  405.58   0.05  246.45   0.04   -0.135   0.0088     0.0653    1.66566  -0.116  0.00479  0.00477       234.21       281.13   -5.92   -6.12    137    185   -0.0232 0.00508   -0.0185   0.005      0.01  0.0046    0.0014 0.00457    41     0    10     0   4.83E-5   2.0
     8.47       1.01    0.00455    0.0431    0.0305 0.2722    0.0098  -85.88    1.20  405.55   0.06  246.39   0.04   -0.118   0.0077     0.0652    1.70582 -0.0139  0.00488  0.00486       265.69       313.63   -6.06   -6.24    167    221    -0.013 0.00534   -0.0222 0.00547   0.00725 0.00515   0.00335 0.00514    45     0    10     0   6.13E-4   2.0
     9.31      0.924    0.00406    0.0402    0.0284 0.2841    0.0100  -87.53    1.18  405.53   0.06  246.32   0.05  -0.0919   0.0058     0.0633    1.74696  0.0861  0.00478  0.00476       292.98       359.28   -6.17   -6.39    195    277   -0.0137  0.0064   -0.0107 0.00639   0.00624 0.00622   0.00624 0.00624    49     0    10     0   5.73E-4   2.0
    10.25      0.838    0.00289    0.0301    0.0213 0.2806    0.0085  -89.04    1.01  405.33   0.06  246.28   0.05  -0.0701   0.0042     0.0595    1.78908   0.192  0.00376  0.00374       333.25        401.7   -6.31   -6.51    241    333  -0.00784 0.00571  -4.25E-4 0.00571   -0.0047 0.00566   1.86E-4 0.00567    54     0    10     0   1.02E-4   2.0
    11.27      0.759    0.00267    0.0292    0.0207 0.2639    0.0093   89.60    1.17  405.12   0.07  246.23   0.05  -0.0546   0.0038     0.0693    1.83222   0.299  0.00382  0.00381       375.84       448.59   -6.44   -6.63    295    401   0.00476 0.00619   0.00275 0.00622   -0.0142 0.00596    0.0018 0.00592    60     0    10     0   1.59E-4   2.0
    12.40      0.701    0.00303    0.0348    0.0246 0.2617    0.0148  -89.17    1.87  404.69   0.12  246.17   0.10  -0.0355    0.008      0.224    1.87640   0.386  0.00471  0.00469        425.2       504.26   -6.57   -6.76    363    489  -0.00327  0.0097    0.0148  0.0103    -0.033  0.0113   -0.0125 0.00909    66     0    10     0   1.59E-4   2.0
    13.64      0.663    0.00519    0.0623    0.0441 0.2903    0.0248  -89.17    2.91  404.36   0.23  246.07   0.18  -0.0314   0.0044      0.141    1.92165   0.446  0.00854  0.00847       459.62       565.65   -6.66   -6.88    413    593  -0.00708  0.0173   -0.0194  0.0174  -7.67E-5  0.0172   0.00355  0.0172    72     0    12     0   0.00241   2.0
    15.00       0.62     0.0028    0.0352    0.0249 0.2903    0.0140   87.38    1.64  404.87   0.14  246.15   0.11  -0.0272   0.0028      0.105    1.96799    0.52  0.00492  0.00489       514.77       629.36   -6.78     -7.    499    709   -0.0215 0.00939    0.0242 0.00943    -0.014 0.00873    -0.022 0.00889    79     0    20     0   3.91E-5   2.0
    16.50      0.595    0.00255    0.0331    0.0234 0.3264    0.0122   83.50    1.29  405.19   0.14  245.98   0.11  -0.0246   0.0028      0.112    2.01545   0.563  0.00466  0.00464       562.08       708.77   -6.87   -7.13    577    861   0.00201  0.0087    0.0196 0.00898   -0.0253 0.00854   -0.0148 0.00825    84     0    14     0   0.00135   2.0
    18.15      0.566    0.00343    0.0463    0.0328 0.3500    0.0181   83.50    1.83  405.19   0.24  245.98   0.18  -0.0173   0.0032      0.184    2.06404   0.618  0.00661  0.00657       616.92       800.56   -6.98   -7.26    671   1041    0.0576  0.0157    0.0434   0.014   -0.0368  0.0128   0.00279  0.0109    91     0    50     2    0.0152   2.0
    19.97      0.579    0.00407    0.0546    0.0386 0.4520    0.0242   83.50    2.03  405.19   0.42  245.98   0.27   -0.012    0.003       0.25    2.11382   0.592  0.00765   0.0076        627.1       904.33   -6.99   -7.39    689   1245     0.102  0.0314    0.0554  0.0229   -0.0364  0.0197     0.026  0.0188    90     0    50     2    0.0169   2.0
    21.96      0.584     0.0045    0.0613    0.0434 0.5066    0.0175   83.50    1.37  405.16   0.37  245.69   0.22  -0.0162   0.0034      0.211    2.16479   0.584  0.00839  0.00833       660.66       1041.8   -7.05   -7.54    747   1513    0.0923  0.0243    0.0287  0.0158   -0.0368  0.0152    0.0475  0.0166    93     0    50     2    0.0081   2.0
    24.16      0.561    0.00363    0.0514    0.0363 0.5277    0.0134   82.24    1.03  405.29   0.32  245.57   0.19   -0.015   0.0027      0.181    2.21699   0.628  0.00706  0.00701       726.78       1197.7   -7.15    -7.7    861   1829    0.0827  0.0189    0.0189  0.0119   -0.0318  0.0113    0.0512  0.0134   100     0    10     0   0.00234   2.0
    26.57      0.544    0.00269    0.0391    0.0277 0.5583    0.0085   80.34    0.64  404.41   0.24  245.90   0.13  -0.0148   0.0024      0.163    2.27045    0.66  0.00537  0.00535       794.94       1379.7   -7.25   -7.85    983   2225    0.0308  0.0104    0.0181 0.00949   -0.0428  0.0104    0.0233 0.00859   106     0    10     0   0.00142   2.0
    29.23      0.512    0.00284    0.0429    0.0303 0.5739    0.0087   79.87    0.64  404.05   0.28  245.93   0.15  -0.0134   0.0019      0.144    2.32520   0.727  0.00604    0.006       879.48       1581.6   -7.36     -8.   1143   2701   0.00986  0.0105   0.00484  0.0102   -0.0456  0.0114   0.00102 0.00934   114     0    10     0   3.19E-4   2.0
    32.15       0.47    0.00355     0.057    0.0403 0.5509    0.0234   75.86    1.76  404.24   0.77  245.54   0.46 -0.00595   0.0017      0.281    2.38127   0.819  0.00822  0.00816       1035.4       1800.1   -7.54   -8.14   1463   3249    0.0146   0.026    -0.071  0.0323    0.0196  0.0245   -0.0992  0.0368   129     0    10     0    0.0019   2.0
    35.37      0.448    0.00319    0.0599    0.0424 0.3472    0.0151  -85.62    1.53  407.22   0.39  245.60   0.28   -0.011   0.0018      0.168    2.43869   0.871  0.00774  0.00768       1546.2       2070.5   -7.97   -8.29   2569   3937   -0.0453  0.0133   -0.0166  0.0113    0.0354  0.0118   -0.0414  0.0123   177     0    50     2   0.00565   2.0
    38.91      0.413    0.00344    0.0678    0.0479 0.3472    0.0138  -88.81    1.40  409.70   0.40  245.52   0.29  -0.0118   0.0016      0.132    2.49749    0.96  0.00909  0.00901       1773.8       2352.9   -8.12   -8.43   3103   4741   -0.0472  0.0114    -0.041   0.011    0.0342    0.01   -0.0338    0.01   194     0    10     0    0.0021   2.0
    42.80      0.377    0.00316     0.066    0.0467 0.3230    0.0162  -81.53    1.72  407.17   0.49  243.16   0.37 -0.00877   0.0016      0.188    2.55772    1.06  0.00915  0.00907        2089.       2665.3    -8.3   -8.56   3907   5753   -0.0224  0.0125    0.0163  0.0122   -0.0141   0.012   9.39E-4  0.0118   218     0    28     0   0.00305   2.0
    47.08      0.373    0.00361    0.0767    0.0542 0.3907    0.0120  -80.29    1.11  404.71   0.44  242.57   0.31   -0.011   0.0014      0.124    2.61939    1.07   0.0106   0.0105       2216.8       3008.8   -8.36    -8.7   4245   6969   -0.0245  0.0101  -0.00965 0.00977   -0.0036 0.00967  -0.00481 0.00973   226     0    12     0   0.00278   2.0
    51.78      0.321    0.00345    0.0769    0.0544 0.3907    0.0269  -80.29    2.50  404.71   1.08  242.57   0.76  -0.0041   0.0014       0.34    2.68256    1.23   0.0117   0.0116       2523.2       3363.2    -8.5   -8.82   5139   8413   -0.0785  0.0335    -0.114  0.0438   -0.0763  0.0325   -0.0184  0.0207   249     0    50     2    0.0189   2.0
    56.96      0.325    0.00365     0.083    0.0587 0.4483    0.0184  -87.33    1.56  404.71   0.90  242.57   0.57 -0.00534   0.0013      0.243    2.74724    1.22   0.0123   0.0121       2690.3       3766.7   -8.57   -8.94   5633  10185   -0.0675   0.023   -0.0324  0.0179   -0.0688  0.0228   0.00811  0.0157   259     0    50     2    0.0106   2.0
    62.66      0.335    0.00363    0.0832    0.0588 0.5229    0.0091  -87.47    0.71  399.97   0.57  242.44   0.32 -0.00843    0.001       0.12    2.81349    1.19   0.0118   0.0117       2780.4       4208.9   -8.61   -9.06   5875  12353  -0.00142  0.0096   -0.0321  0.0102   -0.0436  0.0105   0.00321 0.00916   262     0    11     0   0.00268   2.0
    68.92      0.294    0.00346    0.0831    0.0588 0.5229    0.0127   88.33    0.99  399.97   0.87  242.44   0.49 -0.00514    0.001        0.2    2.88133    1.33   0.0129   0.0127       3165.3        4668.   -8.75   -9.17   7101  14913    0.0407  0.0157    0.0197  0.0138   -0.0579  0.0171   -0.0475  0.0157   288     0    50     2    0.0121   2.0
    75.82      0.257    0.00354    0.0915    0.0647 0.4775    0.0103   88.33    0.84  400.12   0.70  247.41   0.43 -0.00661   7.2E-4      0.108    2.95081    1.47    0.015   0.0148        3815.       5211.5   -8.95   -9.29   9429  18065    0.0118 0.00971    0.0466  0.0108   -0.0338 0.00964   -0.0546  0.0107   334     0    50     2   0.00764   2.0
    83.40      0.209    0.00306    0.0829    0.0586 0.4775    0.0165   88.33    1.34  400.12   1.24  247.41   0.76 -0.00306   7.4E-4      0.241    3.02197     1.7    0.016   0.0158       4280.4       5815.6   -9.08   -9.41  11427  21853    -0.108    0.03    -0.014  0.0153   -0.0232  0.0142    -0.134   0.035   367     0    50     2    0.0257   2.0
    91.74      0.256    0.00421     0.114    0.0806 0.5581    0.0099   81.87    0.75  411.22   0.96  244.75   0.53 -0.00555   7.5E-4      0.135    3.09484    1.48    0.018   0.0177        4356.       6280.3    -9.1   -9.49  11689  26429    0.0887   0.016    0.0277   0.011   -0.0525  0.0123   -0.0198  0.0104   366     0    50     2    0.0127   2.0
   100.91      0.215    0.00377     0.106    0.0748 0.5751    0.0082   82.70    0.61  411.56   0.91  245.06   0.49 -0.00536   5.4E-4        0.1    3.16947    1.67   0.0193   0.0189       4801.4       6606.7    -9.2   -9.55  13599  31981   0.00656 0.00979    0.0381  0.0103   -0.0439 0.00947   -0.0859   0.012   393     0    10     0   0.00137   2.0
   111.00      0.159    0.00262    0.0771    0.0545 0.5751    0.0068   82.70    0.50  411.56   0.83  245.06   0.44   -0.004   3.8E-4     0.0958    3.24589      2.   0.0181   0.0178       5315.4       6883.9   -9.31   -9.59  16437  38669   -0.0182 0.00825    0.0353 0.00863   0.00492  0.0072   -0.0731    0.01   432     0    50     2    0.0107   2.0
   122.10     0.0733    0.00105    0.0352    0.0249 0.4382    0.0063   82.70    0.54  411.56   0.65  245.06   0.42 -0.00166   1.5E-4     0.0931    3.32417    2.84   0.0157   0.0154       6606.8        7125.   -9.55   -9.63  26315  46849   -0.0455 0.00676   -0.0199 0.00557    0.0119 0.00535   0.00139 0.00525   561     0    50     2    0.0178   2.0
   134.31     0.0536    8.33E-4    0.0291    0.0206 0.4485    0.0054   89.71    0.45  411.57   0.62  246.50   0.39  -0.0017   1.2E-4     0.0689    3.40432    3.18    0.017   0.0168       6945.1       7330.4    -9.6   -9.66  31255  56673  -0.00123 0.00466     -0.04  0.0054  -0.00745  0.0046    0.0188 0.00476   610     0    50     2   0.00522   2.0
   147.75     0.0441    6.65E-4    0.0238    0.0168 0.4927    0.0041   87.91    0.33  404.95   0.56  247.28   0.33 -0.00155   8.5E-5     0.0545    3.48641    3.39   0.0165   0.0163       7137.4       7487.5   -9.63   -9.69  34789  68573   -0.0151 0.00411   -0.0102 0.00404   -0.0278 0.00413   0.00759 0.00387   639     0    50     2   0.00178   2.0
   162.52      0.021    4.83E-4    0.0181    0.0128 0.4927    0.0063   86.40    0.50  404.95   0.95  247.28   0.57 -6.64E-4   6.6E-5        0.1    3.57048    4.19   0.0252   0.0246       7370.5       7614.2   -9.67    -9.7  42089  82969   0.00203 0.00628   -0.0158 0.00644   -0.0157 0.00641   0.00759 0.00628   703     0    50     2    0.0015   2.0
   178.77    0.00929    4.40E-4    0.0175    0.0124 0.4755    0.0125   85.50    1.02  407.10   2.01  245.55   1.24 -2.88E-4   3.5E-5       0.12    3.65658    5.08   0.0527   0.0502       7521.5       7687.1   -9.69   -9.71  52669 100401    0.0267  0.0125   0.00742   0.012  -0.00483   0.012     0.023  0.0123   789     0    45     0   6.39E-4   2.0
   196.65    0.00604    4.28E-4    0.0175    0.0124 0.5013    0.0189   87.47    1.50  396.25   3.51  246.21   2.07 -1.59E-4   4.6E-5      0.288    3.74476    5.55   0.0797   0.0743       7576.2       7736.6    -9.7   -9.72  60607 121469    0.0281  0.0209   5.22E-4  0.0192   -0.0689  0.0275    0.0178  0.0198   842     0    12     0   8.60E-4   2.0
   216.32    0.00395    4.01E-4    0.0171    0.0121 0.5138    0.0159   85.79    1.24  412.73   3.33  246.95   1.94 -1.58E-4    INDEF      INDEF    3.83506    6.01    0.116    0.105       7625.2       7784.4   -9.71   -9.73  71487 146977    0.0308  0.0297    0.0342   0.032   -0.0256  0.0263   -0.0234   0.025   913     0    33     0   3.11E-4   2.0
