SMA     INTENS    INT_ERR   PIX_VAR       RMS  ELLIP ELLIP_ERR      PA  PA_ERR      X0 X0_ERR      Y0 Y0_ERR     GRAD GRAD_ERR GRAD_R_ERR       RSMA     MAG MAG_LERR MAG_UERR      TFLUX_E      TFLUX_C  TMAG_E  TMAG_C NPIX_E NPIX_C        A3  A3_ERR        B3  B3_ERR        A4  A4_ERR        B4  B4_ERR NDATA NFLAG NITER  STOP     A_BIG SAREA
pixel                                                            degrees degrees   pixel  pixel   pixel  pixel                              pixel**1/4                                                                                                                                                                                             pixel

     0.00       7.28      INDEF     INDEF     INDEF  INDEF     INDEF   INDEF   INDEF  406.16  INDEF  237.22  INDEF   -0.349    INDEF      INDEF    0.00000   -2.16    INDEF    INDEF        INDEF        INDEF   INDEF   INDEF  INDEF  INDEF     INDEF   INDEF     INDEF   INDEF     INDEF   INDEF     INDEF   INDEF     1     0 INDEF INDEF     INDEF INDEF
     0.53        7.1    0.00767    0.0391    0.0277 0.2639    0.0853    0.04   11.04  406.16   0.02  237.22   0.03   -0.423    0.219      0.519    0.85475   -2.13  0.00117  0.00117       7.2813       7.2813   -2.16   -2.16      1      1    0.0819   0.046     0.134  0.0718    0.0127  0.0178   -0.0157  0.0177    13     0    10     0   8.28E-6   2.0
     0.59       7.08    0.00851    0.0434    0.0307 0.2628    0.0858    0.01   11.13  406.18   0.03  237.24   0.03   -0.425    0.221      0.521    0.87536   -2.12  0.00131   0.0013       7.2813       7.2813   -2.16   -2.16      1      1    0.0824  0.0464     0.135  0.0723    0.0138  0.0179   -0.0147  0.0174    13     0    10     0   6.41E-5   2.0
     0.65       7.05    0.00949    0.0484    0.0342 0.2611    0.0866    0.10   11.31  406.20   0.03  237.27   0.04   -0.427    0.225      0.526    0.89646   -2.12  0.00146  0.00146       7.2813       7.2813   -2.16   -2.16      1      1    0.0822  0.0466     0.137  0.0739    0.0149  0.0182   -0.0133  0.0172    13     0    10     0   3.85E-4   2.0
     0.71       7.03     0.0105    0.0536    0.0379 0.2437    0.0673   -0.58    9.32  406.22   0.02  237.29   0.03   -0.567    0.214      0.377    0.91808   -2.12  0.00163  0.00162       7.2813       7.2813   -2.16   -2.16      1      1    0.0696  0.0295    0.0996  0.0397    0.0142  0.0134  -0.00916  0.0122    13     0    10     0   0.00149   2.0
     0.78       6.96     0.0122    0.0624    0.0442 0.1069    0.0674   -0.58   19.75  406.28   0.03  237.29   0.03   -0.708    0.237      0.335    0.94022   -2.11  0.00191  0.00191       7.2813       7.2813   -2.16   -2.16      1      1    0.0798  0.0318    0.0539  0.0245    0.0203  0.0165    -0.016  0.0153    13     0    10     0   0.00112   2.0
     0.86       6.89     0.0118    0.0603    0.0426 0.0736    0.0518    2.24   21.67  406.29   0.02  237.27   0.02   -0.839    0.202      0.241    0.96289    -2.1  0.00186  0.00186       7.2813       7.2813   -2.16   -2.16      1      1    0.0511   0.022    0.0279  0.0188    0.0152  0.0156    -0.027  0.0159    13     0    10     0   1.63E-4   2.0
     0.95       6.82      0.012    0.0611    0.0432 0.0577    0.0442    2.44   23.35  406.30   0.02  237.25   0.02    -0.92    0.185      0.201    0.98611   -2.08  0.00191  0.00191       7.2813       7.2813   -2.16   -2.16      1      1    0.0285  0.0205   0.00753  0.0189   0.00754  0.0173   -0.0279  0.0174    13     0    10     0   0.00242   2.0
     1.04       6.73     0.0136    0.0692    0.0489 0.0443    0.0438   -0.76   29.95  406.30   0.02  237.23   0.02   -0.965     0.19      0.196    1.00989   -2.07  0.00219  0.00219       21.125       34.727   -3.31   -3.85      3      5    0.0126  0.0206   -0.0122  0.0198    -0.003  0.0195   -0.0199   0.019    13     0    50     2   0.00689   2.0
     1.14       6.64     0.0137      0.07    0.0495 0.0443    0.0381   -0.76   26.03  406.30   0.02  237.19   0.02    -1.02    0.168      0.164    1.03424   -2.06  0.00225  0.00224       34.727       34.727   -3.85   -3.85      5      5   0.00485  0.0173   -0.0194  0.0169  -0.00655  0.0172  -0.00443  0.0164    13     0    50     2   0.00581   2.0
     1.26       6.51     0.0111    0.0565    0.0399 0.0176    0.0263    0.93   44.60  406.29   0.02  237.17   0.02    -1.12    0.121      0.108    1.05918   -2.03  0.00185  0.00185       34.727       34.727   -3.85   -3.85      5      5  -0.00449  0.0116   -0.0128  0.0112  -0.00372  0.0115   0.00549  0.0109    13     0    10     0   0.00195   2.0
     1.38       6.37    0.00963    0.0491    0.0347 0.0126    0.0198   25.02   46.65  406.28   0.01  237.17   0.01    -1.18    0.103     0.0867    1.08472   -2.01  0.00164  0.00164       34.727       34.727   -3.85   -3.85      5      5   0.00406 0.00918   0.00242 0.00882  -0.00253  0.0091  -0.00372 0.00869    13     0    11     0   0.00118   2.0
     1.52       6.23    0.00608     0.031    0.0219 0.0293    0.0109  -89.06   11.20  406.30   0.01  237.16   0.01    -1.21   0.0682     0.0565    1.11088   -1.99  0.00106  0.00106        60.25        60.25   -4.45   -4.45      9      9   0.00823 0.00454   9.91E-4 0.00434   -0.0102  0.0021  -0.00785 0.00198    13     0    10     0   5.57E-4   2.0
     1.68       6.04    0.00854    0.0435    0.0308 0.0319    0.0130   76.39   12.22  406.31   0.01  237.16   0.01    -1.23   0.0803     0.0655    1.13767   -1.95  0.00153  0.00153        60.25        60.25   -4.45   -4.45      9      9   0.00781 0.00512  -0.00756 0.00492   -0.0111 0.00368   0.00244 0.00344    13     0    50     2    0.0111   2.0
     1.84       5.86    0.00971    0.0495     0.035 0.0491    0.0133   76.39    8.23  406.31   0.01  237.16   0.01    -1.25   0.0752     0.0602    1.16510   -1.92   0.0018   0.0018        60.25        60.25   -4.45   -4.45      9      9   0.00939 0.00499  -0.00872 0.00479   -0.0106 0.00335    0.0045 0.00315    13     0    50     2    0.0101   2.0
     2.03       5.64     0.0105    0.0536    0.0379 0.0491    0.0114   81.69    7.07  406.33   0.01  237.14   0.01    -1.24   0.0865     0.0698    1.19319   -1.88  0.00203  0.00202       71.703       82.727   -4.64   -4.79     11     13    0.0134 0.00302   -0.0064 0.00281  -0.00264 0.00274   0.00117 0.00262    13     0    50     2      0.02   2.0
     2.23       5.42    0.00937    0.0496     0.035 0.0759    0.0110   81.69    4.50  406.33   0.01  237.14   0.01    -1.17   0.0606     0.0517    1.22197   -1.83  0.00188  0.00187       82.727       82.727   -4.79   -4.79     13     13    0.0104 0.00407  -0.00733 0.00387  -0.00589 0.00292  -0.00703 0.00277    14     0    10     0   9.84E-5   2.0
     2.45       5.16    0.00923    0.0506    0.0358 0.0775    0.0106   79.47    4.12  406.32   0.01  237.13   0.01    -1.09   0.0604     0.0552    1.25143   -1.78  0.00194  0.00194        125.5        125.5   -5.25   -5.25     21     21    0.0104 0.00419  -0.00435  0.0041  -0.00969 0.00197   -0.0084 0.00193    15     0    10     0   5.28E-4   2.0
     2.70       4.89    0.00839    0.0489    0.0346 0.0725    0.0090   82.90    3.82  406.32   0.01  237.09   0.01    -1.03     0.06     0.0582    1.28161   -1.72  0.00186  0.00186        125.5        125.5   -5.25   -5.25     21     21   0.00898 0.00401    0.0013  0.0038  -0.00709 0.00326  -0.00489 0.00309    17     0    10     0    0.0025   2.0
     2.97       4.66    0.00719    0.0431    0.0305 0.0970    0.0069   88.87    2.19  406.33   0.01  237.06   0.01    -1.01   0.0489     0.0484    1.31251   -1.67  0.00168  0.00167        125.5       144.19   -5.25    -5.4     21     25   0.00533 0.00337   9.97E-4  0.0033  -0.00299  0.0032  -0.00256 0.00314    18     0    11     0    0.0022   2.0
     3.26        4.4     0.0107    0.0676    0.0478 0.1115    0.0095  -88.81    2.68  406.36   0.02  237.04   0.02   -0.955   0.0573       0.06    1.34416   -1.61  0.00264  0.00263       171.23       196.25   -5.58   -5.73     31     37  -0.00613 0.00481   0.00553 0.00463  -0.00458 0.00461   0.00329 0.00442    20     0    13     0   0.00336   2.0
     3.59       4.13     0.0111    0.0718    0.0508 0.1319    0.0099  -87.04    2.32  406.36   0.02  237.01   0.02   -0.852   0.0472     0.0553    1.37658   -1.54  0.00292  0.00291       188.23       196.25   -5.69   -5.73     35     37  -0.00608 0.00521   0.00111  0.0052  -0.00197 0.00511   0.00367 0.00511    21     0    10     0   1.18E-4   2.0
     3.95       3.86     0.0125    0.0847    0.0599 0.1479    0.0109  -86.62    2.29  406.36   0.02  236.99   0.02   -0.772   0.0453     0.0587    1.40977   -1.47  0.00352  0.00351       212.12       226.95   -5.82   -5.89     41     45   -0.0143 0.00508  -0.00583   0.005  -1.72E-4 0.00441    0.0106 0.00443    23     0    10     0   1.98E-4   2.0
     4.34       3.58      0.012    0.0849    0.0601 0.1597    0.0106  -87.52    2.07  406.36   0.03  236.96   0.02   -0.678   0.0392     0.0579    1.44377   -1.38  0.00365  0.00364       249.58       282.25   -5.99   -6.13     51     61   -0.0169 0.00463  -0.00793 0.00454  -4.31E-4 0.00396    0.0102   0.004    25     0    10     0   4.16E-4   2.0
     4.78       3.33     0.0107    0.0783    0.0554 0.1829    0.0098  -88.14    1.69  406.35   0.03  236.95   0.02   -0.571   0.0318     0.0557    1.47858   -1.31  0.00348  0.00347       276.52       307.59    -6.1   -6.22     59     69   -0.0201 0.00344   -0.0115 0.00332  -0.00198 0.00274   0.00843 0.00278    27     0    10     0   6.27E-4   2.0
     5.26        3.1    0.00891     0.069    0.0488 0.2049    0.0085  -88.23    1.36  406.34   0.03  236.92   0.02   -0.477   0.0254     0.0533    1.51423   -1.23  0.00312  0.00311       315.02       365.27   -6.25   -6.41     71     89   -0.0153 0.00394   -0.0104 0.00381  -0.00465 0.00336   0.00856  0.0033    30     0    10     0   7.34E-5   2.0
     5.78       2.87    0.00888    0.0711    0.0502 0.2132    0.0086  -86.83    1.29  406.32   0.03  236.87   0.03   -0.427   0.0216     0.0506    1.55075   -1.14  0.00337  0.00335       350.47       397.38   -6.36    -6.5     83    101   -0.0124 0.00444  -0.00933 0.00443  -0.00318 0.00411   0.00781 0.00414    32     0    10     0   9.91E-5   2.0
     6.36       2.64    0.00681     0.057    0.0403 0.2223    0.0066  -85.64    0.95  406.32   0.03  236.81   0.02   -0.382   0.0157      0.041    1.58814   -1.05   0.0028   0.0028       383.48       465.26   -6.46   -6.67     95    129   -0.0132 0.00306  -0.00838 0.00304   5.89E-4 0.00301   6.77E-4 0.00301    35     0    10     0   1.48E-4   2.0
     7.00       2.42     0.0066    0.0583    0.0412 0.2327    0.0066  -85.98    0.93  406.28   0.03  236.77   0.02   -0.326   0.0129     0.0395    1.62644  -0.958  0.00297  0.00296       434.84       500.78    -6.6   -6.75    115    145   -0.0139 0.00304   -0.0112 0.00297   0.00505 0.00281   0.00351 0.00276    39     0    10     0   9.00E-5   2.0
     7.70       2.21    0.00573    0.0525    0.0371 0.2446    0.0060  -86.79    0.81  406.28   0.03  236.79   0.02   -0.278   0.0113     0.0405    1.66566   -0.86  0.00282  0.00281       491.01       581.02   -6.73   -6.91    139    185   -0.0156 0.00297  -0.00424 0.00289   0.00692 0.00253    0.0058 0.00251    42     0    10     0   6.65E-5   2.0
     8.47         2.    0.00603    0.0578    0.0409 0.2510    0.0068  -87.40    0.89  406.30   0.04  236.76   0.03   -0.232   0.0108     0.0464    1.70582  -0.755  0.00327  0.00326       557.87       645.66   -6.87   -7.03    171    221   -0.0171 0.00369   5.62E-4 0.00358    0.0108 0.00319   0.00361 0.00315    46     0    10     0   1.65E-4   2.0
     9.31       1.83    0.00601    0.0601    0.0425 0.2647    0.0075  -86.93    0.94  406.20   0.05  236.76   0.04   -0.187   0.0097     0.0521    1.74696  -0.656  0.00357  0.00356       611.45       736.66   -6.97   -7.17    199    277   -0.0137 0.00453  -0.00701 0.00447    0.0131 0.00355    0.0139 0.00355    50     0    10     0   4.09E-4   2.0
    10.25       1.67    0.00673    0.0706    0.0499 0.2735    0.0092  -87.08    1.14  406.13   0.06  236.70   0.05   -0.151   0.0085     0.0563    1.78908  -0.556  0.00439  0.00437       684.66        819.4   -7.09   -7.28    241    333  -0.00757 0.00599   -0.0128 0.00596     0.007 0.00577   0.00889 0.00573    55     0    10     0   5.44E-4   2.0
    11.27       1.53    0.00444    0.0482    0.0341 0.2866    0.0071  -89.68    0.83  405.96   0.05  236.71   0.04   -0.116   0.0059     0.0507    1.83222  -0.464  0.00315  0.00314       751.62       911.91   -7.19    -7.4    283    401  -0.00347 0.00487   0.00193 0.00489   5.64E-4 0.00485   0.00249 0.00488    59     0    10     0   9.71E-4   2.0
    12.40       1.41    0.00435    0.0495     0.035 0.2888    0.0090   88.30    1.05  405.63   0.08  236.75   0.06  -0.0807   0.0051     0.0629    1.87640  -0.371  0.00336  0.00335        839.5       1021.1   -7.31   -7.52    343    489  -0.00973 0.00605  -0.00809 0.00606   -0.0131 0.00584  -0.00185  0.0058    65     0    10     0   8.35E-5   2.0
    13.64       1.32    0.00453     0.054    0.0382 0.3004    0.0097   88.10    1.10  405.55   0.09  236.70   0.07  -0.0695    0.005      0.072    1.92165  -0.299  0.00374  0.00373       931.81       1140.2   -7.42   -7.64    411    593   -0.0138 0.00666  -0.00799 0.00661  -0.00658 0.00654  -0.00256 0.00653    71     0    10     0   2.32E-4   2.0
    15.00       1.24    0.00433    0.0537     0.038 0.3229    0.0102   86.74    1.09  405.32   0.11  236.73   0.08  -0.0553   0.0044     0.0786    1.96799  -0.236  0.00379  0.00378       1018.5       1266.4   -7.52   -7.76    479    709   -0.0193  0.0073  -0.00314 0.00711   -0.0014 0.00701   -0.0111 0.00705    77     0    20     0   1.76E-4   2.0
    16.50        1.2    0.00423    0.0538    0.0381 0.3695    0.0093   86.74    0.90  405.23   0.12  236.66   0.08  -0.0501   0.0041     0.0823    2.01545    -0.2  0.00383  0.00381       1091.5       1422.7    -7.6   -7.88    539    861  -5.59E-4 0.00729    0.0051 0.00729   0.00322 0.00727  -0.00223 0.00728    81     0    10     0   0.00218   2.0
    18.15       1.15     0.0046    0.0603    0.0426 0.4014    0.0116   86.74    1.05  405.23   0.17  236.66   0.11  -0.0376   0.0045      0.119    2.06404  -0.151  0.00435  0.00434       1185.5       1603.1   -7.68   -8.01    619   1041    0.0126 0.00924    0.0247 0.00961   0.00501 0.00905     0.009 0.00916    86     0    19     0   0.00276   2.0
    19.97       1.13    0.00522      0.07    0.0495 0.4542    0.0114   86.74    0.95  405.06   0.20  236.67   0.12  -0.0357   0.0043      0.121    2.11382  -0.134  0.00502  0.00499       1252.3       1802.4   -7.74   -8.14    677   1245    0.0157 0.00981    0.0347  0.0105  -0.00723 0.00891    0.0335 0.00978    90     0    10     0    0.0024   2.0
    21.96       1.11    0.00584    0.0804    0.0569 0.4960    0.0149   84.00    1.19  406.01   0.31  236.47   0.18  -0.0254   0.0057      0.224    2.16479  -0.116  0.00571  0.00568       1347.8        2060.   -7.82   -8.28    761   1513    0.0676  0.0201   0.00599  0.0131   -0.0352  0.0135    0.0605  0.0174    95     0    31     0   0.00324   2.0
    24.16       1.09    0.00534    0.0756    0.0534 0.5300    0.0095   81.17    0.73  406.32   0.23  236.31   0.13  -0.0308   0.0042      0.138    2.21699 -0.0907  0.00535  0.00532       1455.5       2346.8   -7.91   -8.43    857   1829     0.056  0.0115   0.00485 0.00853   -0.0369 0.00845    0.0361 0.00838   100     0    10     0   0.00152   2.0
    26.57       1.03    0.00434    0.0638    0.0451 0.5449    0.0067   79.11    0.51  405.85   0.18  236.45   0.11  -0.0312   0.0034      0.109    2.27045 -0.0329  0.00458  0.00456       1612.9       2677.6   -8.02   -8.57   1005   2225    0.0153 0.00753   0.00491 0.00727   -0.0298 0.00732    0.0138 0.00672   108     0    10     0   9.06E-4   2.0
    29.23      0.958     0.0045    0.0691    0.0489 0.5448    0.0089   77.00    0.67  405.23   0.26  236.56   0.16  -0.0222   0.0034      0.154    2.32520  0.0462  0.00511  0.00509        1829.       3030.4   -8.16    -8.7   1223   2701   0.00227 0.00938   -0.0343  0.0107   -0.0193  0.0094   -0.0218 0.00957   118     0    10     0   2.52E-4   2.0
    32.15      0.809    0.00472    0.0863     0.061 0.3001    0.0113   85.72    1.28  406.23   0.25  235.30   0.19  -0.0258   0.0028      0.109    2.38127   0.231  0.00636  0.00632       2753.6       3425.2    -8.6   -8.84   2277   3249    0.0361 0.00821   -0.0292  0.0079   -0.0038 0.00721   0.00315 0.00723   167     0    14     0   0.00431   2.0
    35.37      0.767    0.00376    0.0714    0.0505 0.3262    0.0100  -87.18    1.06  408.21   0.25  236.04   0.19  -0.0204   0.0024      0.116    2.43869   0.288  0.00534  0.00532       3041.9       3867.7   -8.71   -8.97   2647   3937   -0.0112 0.00725   -0.0242 0.00767    0.0137 0.00691   -0.0281  0.0075   180     0    13     0   0.00188   2.0
    38.91      0.733    0.00426    0.0833    0.0589 0.3678    0.0085  -89.01    0.82  409.75   0.25  235.88   0.18  -0.0232   0.0021       0.09    2.49749   0.337  0.00633  0.00629       3306.6       4335.7    -8.8   -9.09   3003   4741   -0.0254 0.00648   -0.0302 0.00665    0.0183 0.00589   -0.0236 0.00606   191     0    10     0   4.54E-4   2.0
    42.80      0.641    0.00417    0.0859    0.0608 0.3592    0.0121  -89.01    1.19  409.43   0.39  235.17   0.28  -0.0146   0.0019      0.132    2.55772   0.482  0.00709  0.00704       3778.4       4855.2   -8.94   -9.22   3693   5753  -0.00425 0.00865   -0.0553  0.0113    0.0267 0.00877     0.037 0.00942   212     0    10     0   0.00271   2.0
    47.08      0.606    0.00481     0.103    0.0728 0.3764    0.0119  -84.81    1.13  406.65   0.43  233.64   0.30  -0.0152   0.0019      0.125    2.61939   0.544  0.00865  0.00859        4179.       5407.4   -9.05   -9.33   4339   6969  -0.00998 0.00952   -0.0169 0.00969    -0.022  0.0097   1.43E-4 0.00935   229     0    11     0   0.00517   2.0
    51.78      0.566    0.00461     0.102    0.0719 0.4175    0.0130  -84.81    1.15  404.93   0.55  233.48   0.37  -0.0113   0.0018      0.162    2.68256   0.618  0.00889  0.00882       4514.7       5981.7   -9.14   -9.44   4913   8413    -0.035  0.0123   -0.0155  0.0112   -0.0486   0.013   -0.0172  0.0108   243     0    10     0   0.00317   2.0
    56.96      0.579     0.0071     0.159     0.112 0.4782    0.0146  -87.80    1.19  401.74   0.75  233.58   0.46  -0.0125    0.002      0.157    2.74724   0.593   0.0134   0.0132       4737.1       6624.8   -9.19   -9.55   5311  10185    0.0219  0.0144   -0.0262  0.0145   -0.0656  0.0168   -0.0144  0.0135   251     0    19     0   0.00606   2.0
    62.66      0.518    0.00467      0.11    0.0779 0.4711    0.0088   89.30    0.72  399.78   0.49  234.95   0.30  -0.0126   0.0015      0.117    2.81349   0.714  0.00984  0.00975       5407.3       7305.3   -9.33   -9.66   6537  12353    0.0376 0.00923   0.00128 0.00807   -0.0326 0.00871  -0.00614 0.00788   278     0    10     0   0.00157   2.0
    68.92      0.427    0.00446     0.112    0.0793 0.4388    0.0096  -89.82    0.83  401.54   0.56  236.91   0.36  -0.0106   0.0011      0.107    2.88133   0.923   0.0114   0.0113        6276.       8012.8   -9.49   -9.76   8373  14913   -0.0347 0.00892   -0.0418 0.00923    -0.032  0.0082   -0.0458 0.00892   317     0    18     0   0.00446   2.0
    75.82      0.375    0.00346    0.0902    0.0638 0.4644    0.0087   87.97    0.72  401.54   0.58  236.91   0.36 -0.00773   8.8E-4      0.114    2.95081    1.07   0.0101  0.00999        6796.       8985.1   -9.58   -9.88   9669  18065   0.00313 0.00804     0.036 0.00898   -0.0371  0.0082   -0.0598 0.00978   339     0    50     2    0.0132   2.0
    83.40      0.317    0.00403      0.11    0.0779 0.4644    0.0122   87.97    1.01  401.54   0.90  236.91   0.56 -0.00526    0.001      0.192    3.02197    1.25   0.0139   0.0137       7504.2       10045.   -9.69    -10.  11705  21853   -0.0672  0.0169  -2.87E-4  0.0109   -0.0149  0.0102   -0.0937  0.0205   373     0    50     2    0.0445   2.0
    91.74      0.362    0.00325    0.0877     0.062 0.5617    0.0052   87.14    0.39  409.64   0.51  236.99   0.28  -0.0082   7.7E-4     0.0941    3.09484     1.1   0.0098  0.00971       7495.1       10695.   -9.69   -10.1  11599  26429   0.00471 0.00617   0.00381 0.00608   -0.0365 0.00638   -0.0417 0.00665   364     0    15     0   0.00397   2.0
   100.91      0.289    0.00452     0.129     0.091 0.5509    0.0082   82.48    0.62  411.43   0.86  235.12   0.48  -0.0068   6.8E-4     0.0997    3.16947    1.35   0.0171   0.0169       8413.4       11168.   -9.81   -10.1  14361  31981  -0.00189 0.00914    0.0425 0.00997   -0.0239 0.00819    -0.089  0.0118   406     0    10     0    0.0012   2.0
   111.00      0.182     0.0058     0.181     0.128 0.4768    0.0135   77.05    1.10  413.80   1.34  231.67   0.86 -0.00563   5.5E-4     0.0985    3.24589    1.85   0.0351    0.034       10276.       11554.    -10.   -10.2  20237  38669   -0.0234  0.0129    0.0725  0.0145    0.0647  0.0137    -0.052  0.0131   489     0    36     0   0.00845   2.0
   122.10      0.132    0.00281    0.0921    0.0651 0.4768    0.0097   85.02    0.79  413.98   1.07  232.44   0.66 -0.00333   3.1E-4     0.0928    3.32417     2.2   0.0234   0.0229       10933.       11894.   -10.1   -10.2  24509  46849   -0.0734  0.0111    0.0277 0.00912    0.0178 0.00867   -0.0445 0.00948   538     0    50     2    0.0217   2.0
   134.31     0.0905    0.00125    0.0431    0.0305 0.4768    0.0040   85.02    0.33  414.28   0.49  235.89   0.30 -0.00288   1.7E-4     0.0572    3.40432    2.61   0.0151   0.0149       11514.       12169.   -10.2   -10.2  29619  56673   -0.0145 0.00395  -0.00377 0.00385   0.00479 0.00385   0.00379 0.00385   592     0    50     2    0.0154   2.0
   147.75     0.0551    9.11E-4    0.0329    0.0232 0.4768    0.0041   85.02    0.34  405.33   0.55  238.97   0.34 -0.00205   1.2E-4     0.0585    3.48641    3.15   0.0181   0.0178       11982.       12376.   -10.2   -10.2  35877  68573  -0.00764 0.00402  -0.00158 0.00397   -0.0109 0.00398    0.0116   0.004   651     0    50     2   0.00766   2.0
   162.52     0.0273    7.97E-4    0.0302    0.0213 0.4768    0.0078   85.02    0.64  404.96   1.15  234.79   0.71 -8.88E-4   1.0E-4      0.112    3.57048    3.91   0.0322   0.0313       12280.       12526.   -10.2   -10.2  43393  82969  -0.00287  0.0076  -0.00566 0.00758   -0.0256 0.00802    0.0101  0.0076   716     0    50     2   0.00545   2.0
   178.77     0.0157    6.86E-4    0.0268     0.019 0.5016    0.0088   85.02    0.70  401.19   1.49  236.43   0.88 -6.03E-4   8.4E-5      0.139    3.65658    4.51   0.0485   0.0464       12418.       12594.   -10.2   -10.3  50049 100401   0.00877 0.00908   -0.0162 0.00921  -0.00684 0.00901    0.0044 0.00899   766     0    38     0   0.00118   2.0
   196.65    0.00662    6.46E-4    0.0268    0.0189 0.4858    0.0379   82.21    3.05  403.70   6.80  234.82   4.19 -1.24E-4   2.2E-5      0.181    3.74476    5.45    0.111    0.101       12543.       12642.   -10.2   -10.3  62479 121469    0.0138  0.0374    0.0938  0.0408   -0.0245  0.0375    -0.018  0.0374   858     0    17     0   0.00121   2.0
   216.32     0.0035    6.46E-4    0.0281    0.0198 0.4858    0.0404   77.89    3.25  407.65   7.91  236.60   5.02 -1.06E-4   4.4E-5      0.413    3.83506    6.14    0.221    0.184       12622.       12650.   -10.3   -10.3  75587 146977  -0.00454    0.04   0.00503  0.0398   -0.0413  0.0433    0.0536  0.0456   943     0    10     0   8.76E-4   2.0
   237.95    0.00834    0.00119    0.0508    0.0359 0.5903    0.0287   77.87    2.11  429.62   7.69  225.32   4.21 -1.97E-4   5.7E-5      0.291    3.92753     5.2    0.168    0.145       12659.       12741.   -10.3   -10.3  72895 176444     0.141  0.0546   -0.0687  0.0407    -0.114  0.0487    0.0093  0.0356   906     0    10     0   0.00144   2.0
   261.74   -1.63E-4    5.46E-4    0.0276    0.0195 0.3732    0.0219   85.80    2.10  429.62   4.37  225.32   3.08 -1.67E-4    INDEF      INDEF    4.02224      0.    INDEF    -8.54       12728.       12771.   -10.3   -10.3 134897 208099   0.00863  0.0189      0.03  0.0298  -0.00245  0.0177  -0.00962  0.0192  1278     0    10     0   0.00104   2.0
