SMA     INTENS    INT_ERR   PIX_VAR       RMS  ELLIP ELLIP_ERR     PA PA_ERR      X0 X0_ERR      Y0 Y0_ERR     GRAD GRAD_ERR GRAD_R_ERR    RSMA     MAG MAG_LERR MAG_UERR      TFLUX_E      TFLUX_C  TMAG_E  TMAG_C NPIX_E NPIX_C        A3  A3_ERR        B3  B3_ERR        A4  A4_ERR        B4  B4_ERR NDATA NFLAG NITER STOP     A_BIG SAREA
pixel                                                         degrees degrees   pixel  pixel   pixel  pixel                        pixel**1/4                                                                                                                                                                                      pixel

     0.00       11.9      INDEF     INDEF     INDEF  INDEF  INDEF  INDEF  INDEF  235.00  INDEF  123.00  INDEF    -1.95  INDEF  INDEF 0.00000   -2.69   INDEF   INDEF        INDEF        INDEF   INDEF   INDEF  INDEF  INDEF     INDEF   INDEF     INDEF   INDEF     INDEF   INDEF     INDEF   INDEF     1     0 INDEF INDEF     INDEF INDEF
     0.51       10.9      0.136     0.693      0.49 0.1078 0.0758  76.10  22.01  235.00   0.02  123.00   0.02    -1.93   3.97   2.06 0.84409   -2.59  0.0136  0.0135       11.891       11.891   -2.69   -2.69      1      1    0.0159  0.0498     0.033  0.0768    0.0983   0.203    0.0556   0.115    13     0  10  0   1.02E-6   2.0
     0.56       10.8      0.148     0.755     0.534 0.1061 0.0773  74.93  22.79  235.00   0.02  123.00   0.02    -1.93   3.92   2.04 0.86444   -2.58   0.015  0.0148       11.891       11.891   -2.69   -2.69      1      1    0.0197  0.0554    0.0312  0.0735     0.106   0.216    0.0476  0.0975    13     0  10  0   1.13E-5   2.0
     0.61       10.7      0.161     0.821      0.58 0.1048 0.0797  73.71  23.76  235.00   0.03  123.00   0.03    -1.92   3.88   2.02 0.88528   -2.57  0.0165  0.0162       11.891       11.891   -2.69   -2.69      1      1    0.0241  0.0625    0.0294  0.0703     0.114    0.23    0.0391  0.0796    13     0  10  0   3.54E-6   2.0
     0.68       10.6      0.175     0.892     0.631 0.1039 0.0828  72.45  24.91  235.00   0.03  123.00   0.03    -1.92   3.83     2. 0.90663   -2.56  0.0181  0.0178       11.891       11.891   -2.69   -2.69      1      1    0.0291  0.0711    0.0274  0.0674     0.122   0.245    0.0304  0.0617    13     0  10  0   5.31E-6   2.0
     0.74       10.4       0.19     0.969     0.685 0.1036 0.0868  71.17  26.19  235.00   0.04  123.00   0.03    -1.91   3.78   1.98 0.92849   -2.55  0.0199  0.0196       11.891       11.891   -2.69   -2.69      1      1    0.0348  0.0812    0.0253  0.0649      0.13   0.258    0.0215  0.0439    13     0  10  0   6.83E-6   2.0
     0.82       10.3      0.207      1.05     0.745 0.1088 0.0862  71.27  24.80  235.00   0.04  123.00   0.04     -1.9   3.73   1.97 0.95088   -2.53   0.022  0.0215       11.891       11.891   -2.69   -2.69      1      1    0.0379  0.0857    0.0289  0.0699     0.128   0.253     0.022  0.0445    13     0  10  0   0.00492   2.0
     0.90       10.2      0.224      1.14     0.809 0.1163 0.0851  71.49  23.03  235.00   0.04  123.00   0.04    -1.88   3.68   1.96 0.97381   -2.52  0.0242  0.0237       11.891       11.891   -2.69   -2.69      1      1    0.0409  0.0902    0.0334  0.0766     0.126   0.246    0.0231  0.0465    13     0  10  0    0.0116   2.0
     0.99        10.      0.241      1.23     0.869 0.1163 0.0865  67.00  23.39  235.00   0.05  123.00   0.04    -2.04   3.55   1.74 0.99729    -2.5  0.0265  0.0259       11.891       11.891   -2.69   -2.69      1      1    0.0464  0.0912    0.0267  0.0617      0.13   0.226   -0.0109  0.0207    13     0  50  2    0.0181   2.0
     1.09        9.8      0.257      1.31     0.927 0.1163 0.0643  65.09  17.38  235.00   0.04  123.00   0.04    -2.57   3.34    1.3 1.02134   -2.48  0.0289  0.0281       32.594       52.766   -3.78   -4.31      3      5    0.0376  0.0577    0.0224  0.0414    0.0929   0.121   -0.0158  0.0216    13     0  10  0   3.56E-5   2.0
     1.20       9.47      0.265      1.35     0.955 0.0883 0.0403  60.66  14.17  235.00   0.03  123.00   0.03     -2.9   3.12   1.08 1.04597   -2.44  0.0308  0.0299       52.766       52.766   -4.31   -4.31      5      5    0.0291  0.0363   0.00849  0.0197    0.0461  0.0503   -0.0219  0.0247    13     0  50  2     0.024   2.0
     1.32       9.12      0.264      1.34     0.951 0.0883 0.0289  60.66  10.14  235.00   0.02  123.00   0.02    -3.07   2.79  0.911 1.07119    -2.4  0.0318  0.0309       52.766       52.766   -4.31   -4.31      5      5    0.0148  0.0192   0.00831  0.0152    0.0248  0.0249   -0.0115  0.0145    13     0  10  0    0.0104   2.0
     1.45       8.74      0.259      1.32     0.934 0.0938 0.0256  59.59   8.49  235.00   0.02  123.00   0.02    -3.14   2.47  0.785 1.09702   -2.35  0.0327  0.0317       70.586       87.539   -4.62   -4.86      7      9    0.0103  0.0148   0.00903  0.0138    0.0138  0.0157  -0.00589  0.0118    13     0  10  0   3.06E-4   2.0
     1.59       8.27      0.248      1.26     0.893 0.0877 0.0197  58.33   6.94  235.00   0.02  123.00   0.02    -3.09   2.14  0.695 1.12348   -2.29   0.033  0.0321       87.539       87.539   -4.86   -4.86      9      9   0.00999  0.0116   0.00481  0.0096   0.00981  0.0111  -0.00261  0.0086    13     0  10  0   0.00204   2.0
     1.75       7.74      0.235       1.2     0.847 0.0775 0.0117  54.11   4.66  235.00   0.01  123.00   0.01    -3.09   1.84  0.595 1.15057   -2.22  0.0335  0.0325       87.539       87.539   -4.86   -4.86      9      9   0.00222 0.00581   0.00459 0.00608  -0.00159 0.00516   0.00751 0.00658    13     0  10  0   7.24E-4   2.0
     1.93       7.18      0.216       1.1     0.778 0.0751 0.0107  49.93   4.40  235.00   0.01  123.00   0.01    -2.94   1.52  0.516 1.17831   -2.14  0.0331  0.0322       87.539       87.539   -4.86   -4.86      9      9   0.00215 0.00543   0.00133 0.00515  -0.00838 0.00555    0.0089 0.00566    13     0  10  0   4.72E-4   2.0
     2.12        6.6       0.19     0.969     0.685 0.0715 0.0111  46.39   4.65  235.00   0.01  123.00   0.01    -2.33   1.18  0.505 1.20673   -2.05  0.0317  0.0308       114.63       114.63   -5.15   -5.15     13     13   0.00175 0.00522  -0.00463 0.00562   -0.0126 0.00664   0.00822 0.00452    13     0  10  0   0.00518   2.0
     2.33       6.11      0.171     0.906     0.641 0.0827 0.0081  45.86   2.91  235.00   0.01  123.00   0.01    -2.31  0.953  0.412 1.23583   -1.97  0.0309    0.03       139.84       163.58   -5.36   -5.53     17     21   0.00469 0.00384  -0.00546 0.00401  -0.00795 0.00395  -0.00211 0.00237    14     0  50  2    0.0364   2.0
     2.57       5.57      0.142     0.801     0.566 0.0827 0.0110  45.86   4.12  235.00   0.02  123.00   0.01    -2.12  0.724  0.341 1.26563   -1.86  0.0279  0.0272       163.58       163.58   -5.53   -5.53     21     21   0.00923 0.00521   -0.0103 0.00531   -0.0064 0.00343  -0.00928 0.00405    16     0  10  0   0.00586   2.0
     2.82       5.07      0.118     0.689     0.487 0.0978 0.0078  42.07   2.43  235.00   0.01  123.00   0.01    -1.93  0.534  0.277 1.29614   -1.76  0.0256   0.025       163.58       163.58   -5.53   -5.53     21     21   0.00895   0.004  -0.00334 0.00324  -0.00241  0.0028  -0.00526 0.00306    17     0  10  0   3.93E-6   2.0
     3.10       4.58     0.0947     0.584     0.413 0.1120 0.0098  39.31   2.75  235.00   0.02  123.00   0.02     -1.6  0.392  0.245 1.32740   -1.65  0.0227  0.0222       173.55       199.58    -5.6   -5.75     23     29    0.0107 0.00531   4.58E-4 0.00446  -1.96E-4 0.00463   6.28E-4 0.00445    19     0  10  0   6.09E-5   2.0
     3.42       4.12     0.0794     0.502     0.355 0.1289 0.0071  38.75   1.70  235.00   0.01  123.00   0.01    -1.25  0.302  0.241 1.35941   -1.54  0.0212  0.0208       216.81       232.43   -5.84   -5.92     33     37    0.0119 0.00383   0.00122 0.00256   0.00211 0.00251   0.00176 0.00249    20     0  10  0   5.67E-4   2.0
     3.76       3.74     0.0662     0.439      0.31 0.1483 0.0049  36.76   1.03  235.00   0.01  123.00   0.01    -1.12  0.226  0.202 1.39219   -1.43  0.0194   0.019       247.91       260.65   -5.99   -6.04     41     45   0.00648 0.00264   4.92E-4 0.00227  -0.00204 0.00203  -0.00448 0.00216    22     0  10  0   2.39E-6   2.0
     4.13       3.35     0.0541     0.375     0.265 0.1585 0.0042  34.80   0.84  235.00   0.01  123.00   0.01    -0.95  0.167  0.176 1.42576   -1.31  0.0177  0.0174       247.91       296.84   -5.99   -6.18     41     57   5.56E-4 0.00239  -0.00124 0.00238   -0.0043 0.00214  -0.00409 0.00211    24     0  10  0   3.15E-4   2.0
     4.55       2.99      0.043      0.31     0.219 0.1708 0.0056  32.53   1.03  235.00   0.01  123.00   0.01   -0.751  0.121  0.161 1.46014   -1.19  0.0157  0.0155       291.94       329.25   -6.16   -6.29     55     69  -0.00291 0.00313  -0.00329 0.00313   -0.0083 0.00287   0.00155 0.00255    26     0  10  0   4.77E-5   2.0
     5.00       2.69     0.0357     0.267     0.189 0.1902 0.0063  32.06   1.05  235.00   0.02  123.00   0.02   -0.615  0.093  0.151 1.49535   -1.07  0.0145  0.0143       309.33        357.3   -6.23   -6.38     61     81   0.00111 0.00362  -0.00466 0.00371   -0.0125 0.00322   0.00103 0.00263    28     0  20  0   3.90E-7   2.0
     5.50       2.42     0.0302     0.238     0.168 0.2061 0.0067  32.78   1.05  235.00   0.02  123.00   0.02   -0.514  0.071  0.138 1.53141  -0.959  0.0136  0.0135       350.13         392.   -6.36   -6.48     77     97   0.00682 0.00391  -0.00467 0.00381  -0.00768 0.00363   0.00271 0.00345    31     0  10  0   4.91E-6   2.0
     6.05       2.16     0.0251     0.207     0.146 0.2190 0.0072  31.57   1.08  235.00   0.02  123.00   0.03   -0.426 0.0538  0.126 1.56834  -0.837  0.0127  0.0125       381.27       422.82   -6.45   -6.57     91    113   0.00535 0.00441  -0.00395 0.00432     0.001 0.00402   0.00917 0.00412    34     0  10  0   9.96E-7   2.0
     6.66       1.91     0.0207     0.178     0.126 0.2233 0.0060  32.90   0.89  235.00   0.02  123.00   0.02   -0.362 0.0416  0.115 1.60615  -0.704  0.0118  0.0117       421.63       463.21   -6.56   -6.66    111    137   0.00453  0.0037  -0.00439 0.00366   0.00259 0.00328   0.00926 0.00341    37     0  10  0   4.81E-6   2.0
     7.32        1.7     0.0182     0.163     0.115 0.2407 0.0064  33.49   0.87  235.00   0.03  123.00   0.03   -0.303 0.0339  0.112 1.64488  -0.577  0.0117  0.0116       449.85       519.73   -6.63   -6.79    127    177   0.00769 0.00396  -0.00414 0.00388   9.20E-4 0.00317    0.0134  0.0035    40     0  10  0   3.15E-5   2.0
     8.05       1.52     0.0167     0.155      0.11 0.2661 0.0060  33.94   0.75  235.00   0.03  123.00   0.03   -0.269 0.0268 0.0994 1.68455  -0.457   0.012  0.0119       488.68       544.17   -6.72   -6.84    151    197   0.00621 0.00387  -0.00392 0.00385   2.49E-4 0.00308    0.0143  0.0034    43     0  10  0   1.78E-5   2.0
     8.86       1.35     0.0137     0.133    0.0942 0.2901 0.0055  32.93   0.65  235.00   0.03  123.00   0.03   -0.224 0.0197  0.088 1.72517  -0.327  0.0111   0.011       528.06       592.99   -6.81   -6.93    179    241   0.00228 0.00375  -0.00559 0.00373  -0.00311 0.00311    0.0134 0.00329    47     0  10  0   1.71E-4   2.0
     9.74       1.19     0.0108     0.109    0.0768 0.3087 0.0051  31.87   0.57  235.00   0.03  123.00   0.03   -0.189 0.0147  0.078 1.76677  -0.184  0.0099 0.00981        558.3       641.76   -6.87   -7.02    203    293   0.00382 0.00356  -0.00482 0.00352   -0.0127 0.00293   0.00874 0.00281    51     0  10  0   2.22E-4   2.0
    10.72       1.02     0.0091    0.0954    0.0675 0.3156 0.0064  29.07   0.69  235.00   0.04  123.00   0.05   -0.131 0.0125 0.0957 1.80937 -0.0167 0.00977 0.00968       606.69       692.33   -6.96    -7.1    247    357   0.00161 0.00457  -5.41E-4 0.00458   -0.0189 0.00415  -6.55E-4 0.00375    55     0  10  0   7.09E-4   2.0
    11.79      0.921    0.00877    0.0953    0.0674 0.3439 0.0078  24.89   0.79  235.00   0.05  123.00   0.06   -0.117 0.0107 0.0918 1.85300  0.0898  0.0104  0.0103         649.       746.57   -7.03   -7.18    291    437  -0.00649  0.0058   8.79E-4 0.00579   -0.0302 0.00495   0.00287 0.00412    59     0  10  0   0.00117   2.0
    12.97      0.809    0.00814    0.0921    0.0651 0.3606 0.0098  21.09   0.96  235.00   0.07  123.00   0.09  -0.0908 0.0101  0.111 1.89769   0.231   0.011  0.0109       687.04       794.04   -7.09   -7.25    335    517   -0.0116 0.00754   4.86E-4 0.00744   -0.0419  0.0069   0.00362 0.00515    64     0  10  0   4.53E-4   2.0
    14.27      0.726    0.00953     0.112    0.0792 0.3873 0.0135  18.83   1.27  235.00   0.11  123.00   0.15  -0.0728 0.0101  0.139 1.94345   0.348  0.0144  0.0142       731.53       858.95   -7.16   -7.33    393    641   -0.0139   0.011    0.0058  0.0108   -0.0642  0.0113    0.0202 0.00752    69     0  10  0   5.23E-4   2.0
    15.69      0.666     0.0106     0.128    0.0904 0.4201 0.0182  15.83   1.60  235.00   0.16  123.00   0.23  -0.0546   0.01  0.183 1.99031   0.442  0.0174  0.0171       771.27        922.8   -7.22   -7.41    449    777  -0.00858  0.0156   0.00184  0.0156   -0.0903  0.0194    0.0397  0.0125    73     0  12  0   0.00577   2.0
    17.26      0.622     0.0109     0.136    0.0964 0.4530 0.0181  13.08   1.52  235.00   0.18  123.00   0.27  -0.0489 0.0086  0.176 2.03830   0.516  0.0192  0.0189       807.27       994.15   -7.27   -7.49    505    941  -0.00951  0.0167   0.00233  0.0165   -0.0904  0.0189    0.0657  0.0155    78     0  10  0   0.00535   2.0
    18.99      0.574    0.00985     0.127    0.0897 0.4850 0.0169  11.48   1.37  235.00   0.18  123.00   0.29   -0.041 0.0067  0.164 2.08745   0.603  0.0188  0.0185        858.3       1067.5   -7.33   -7.57    587   1125   -0.0114  0.0166  -0.00224  0.0164   -0.0829  0.0172     0.076  0.0163    83     0  10  0   0.00453   2.0
    20.89      0.525    0.00816     0.108    0.0765 0.5147 0.0149  10.40   1.16  235.00   0.18  123.00   0.30   -0.033 0.0047  0.142 2.13779   0.699   0.017  0.0167        902.8       1154.5   -7.39   -7.66    665   1369   -0.0152  0.0156   -0.0039  0.0153   -0.0785  0.0149    0.0742  0.0145    88     0  10  0   0.00404   2.0
    22.97      0.461    0.00547    0.0759    0.0536 0.5199 0.0154   8.75   1.19  235.00   0.20  123.00   0.34  -0.0195 0.0043  0.222 2.18934    0.84   0.013  0.0128       968.87       1237.8   -7.47   -7.73    799   1649   -0.0111  0.0163  -0.00656  0.0161   -0.0615   0.018    0.0859  0.0224    96     0  10  0   3.11E-6   2.0
    25.27      0.413    0.00379    0.0549    0.0388 0.5258 0.0090   7.36   0.69  235.00   0.13  123.00   0.22  -0.0207 0.0031  0.149 2.24213   0.959    0.01 0.00991        1039.       1329.1   -7.54   -7.81    957   2009   -0.0032 0.00964   5.01E-4 0.00955  -0.00854 0.00902     0.034  0.0103   105     0  10  0   1.66E-5   2.0
    27.80      0.356    0.00416     0.064    0.0452 0.5065 0.0140  10.50   1.10  235.00   0.22  123.00   0.37  -0.0144 0.0028  0.195 2.29620    1.12  0.0128  0.0126        1134.       1416.1   -7.64   -7.88   1205   2425    0.0108  0.0145  -0.00425  0.0143    0.0408  0.0157    0.0238  0.0144   118     0  10  0   1.19E-4   2.0
    30.58      0.313    0.00242    0.0401    0.0284 0.4526 0.0070  21.15   0.59  235.00   0.13  123.00   0.18  -0.0176 0.0019  0.108 2.35157    1.26 0.00842 0.00836       1269.4       1505.3   -7.76   -7.94   1609   2941    0.0137 0.00625   -0.0191 0.00641    0.0235 0.00621   0.00881 0.00577   138     0  10  0   2.40E-5   2.0
    33.64      0.233    0.00234    0.0415    0.0293 0.4198 0.0056  24.04   0.50  235.00   0.11  123.00   0.15  -0.0184 0.0013 0.0695 2.40827    1.58   0.011  0.0109       1394.4       1590.7   -7.86     -8.   2065   3569  -0.00169 0.00461   -0.0192  0.0048  -7.81E-4 0.00443    0.0153 0.00458   157     0  10  0   1.50E-6   2.0
    37.00      0.171    0.00194    0.0361    0.0255 0.4198 0.0077  24.04   0.68  235.00   0.17  123.00   0.22 -0.00961 0.0011  0.111 2.46635    1.92  0.0124  0.0122       1479.9       1671.9   -7.93   -8.06   2487   4293  -0.00219 0.00667   -0.0101 0.00675   -0.0167 0.00674   0.00945 0.00659   173     0  50  2   0.00484   2.0
    40.70      0.141    0.00166    0.0321    0.0227 0.4353 0.0083  22.60   0.71  235.00   0.20  123.00   0.27 -0.00699 8.1E-4  0.117 2.52582    2.13  0.0129  0.0127       1551.6       1751.6   -7.98   -8.11   2941   5193  -0.00952 0.00742   0.00567 0.00737   -0.0033 0.00732  -0.00168 0.00735   187     0  10  0   5.52E-4   2.0
    44.77      0.119    0.00146    0.0292    0.0206 0.4573 0.0102  23.21   0.85  235.00   0.28  123.00   0.38 -0.00439 7.2E-4  0.165 2.58673    2.31  0.0134  0.0132       1613.8       1832.2   -8.02   -8.16   3423   6293   -0.0162 0.00976    0.0108 0.00955   -0.0207 0.00984  -0.00918  0.0094   201     0  50  2   0.00338   2.0
    49.25      0.104    0.00149    0.0311     0.022 0.4786 0.0088  24.92   0.72  235.00   0.27  123.00   0.37 -0.00459 6.7E-4  0.147 2.64910    2.46  0.0157  0.0155       1674.6       1912.1   -8.06    -8.2   3973   7637   -0.0212 0.00852    0.0433  0.0101    0.0104   0.008  -0.00753 0.00793   217     0  10  0   7.34E-6   2.0
    54.17     0.0786    0.00147    0.0325     0.023 0.4543 0.0144  28.77   1.21  235.00   0.50  123.00   0.63 -0.00273 6.7E-4  0.246 2.71298    2.76  0.0205  0.0201       1769.4       1992.8   -8.12   -8.25   5031   9233   -0.0341  0.0155    0.0337  0.0154    0.0675  0.0206   0.00506  0.0123   245     0  50  2   0.00163   2.0
    59.59     0.0788    0.00144    0.0337    0.0238 0.4354 0.0105  43.79   0.91  235.00   0.44  123.00   0.45 -0.00318 5.3E-4  0.168 2.77840    2.76    0.02  0.0196       1869.3       2063.6   -8.18   -8.29   6293  11165   -0.0432  0.0116  -0.00175 0.00905    0.0205 0.00922   -0.0444  0.0114   275     0  11  0   4.10E-4   2.0
    65.55     0.0484    0.00116     0.029    0.0205 0.4003 0.0115  49.52   1.05  235.00   0.52  123.00   0.50  -0.0024 3.7E-4  0.155 2.84540    3.29  0.0263  0.0257       1986.5       2114.2   -8.25   -8.31   8083  13509  -0.00488 0.00964    -0.011 0.00974    0.0142  0.0098   0.00579 0.00961   313     0  50  2   0.00135   2.0
    72.10     0.0271    9.89E-4    0.0266    0.0188 0.3468 0.0200  43.26   2.03  235.00   0.92  123.00   0.93 -0.00126 1.9E-4  0.153 2.91401    3.92  0.0403  0.0389       2077.9       2154.4   -8.29   -8.33  10669  16321    0.0147  0.0155   -0.0061  0.0154    0.0154  0.0155   0.00277  0.0153   361     0  31  0   9.71E-4   2.0
    79.32     0.0163    9.58E-4    0.0273    0.0193 0.3207 0.0241  39.69   2.59  235.00   1.16  123.00   1.23 -9.60E-4 2.6E-4  0.272 2.98428    4.47  0.0657   0.062       2137.2       2217.5   -8.32   -8.36  13427  19789   -0.0107   0.018    0.0207  0.0187      0.04  0.0206    0.0507  0.0223   405     0  29  0   5.49E-4   2.0
    87.25     0.0114    8.14E-4    0.0242    0.0171 0.3324 0.0194  36.61   2.03  235.00   1.02  123.00   1.11 -9.05E-4 2.2E-4  0.243 3.05624    4.86  0.0803  0.0748       2167.2       2248.2   -8.34   -8.38  15969  23929   -0.0317  0.0164   0.00683  0.0146   2.04E-4  0.0145   3.87E-4  0.0145   442     0  19  0   8.62E-4   2.0
    95.97    0.00673    8.34E-4    0.0259    0.0183 0.3429 0.0292  36.05   2.99  235.00   1.70  123.00   1.87 -5.50E-4  INDEF  INDEF 3.12994    5.43   0.144   0.127       2190.1       2288.7   -8.35    -8.4  19011  28913    0.0076  0.0231     0.014   0.025    0.0307  0.0331     0.035  0.0357   482     0  16  0     0.001   2.0
