SMA     INTENS    INT_ERR   PIX_VAR       RMS  ELLIP ELLIP_ERR      PA  PA_ERR      X0 X0_ERR      Y0 Y0_ERR     GRAD GRAD_ERR GRAD_R_ERR       RSMA     MAG MAG_LERR MAG_UERR      TFLUX_E      TFLUX_C  TMAG_E  TMAG_C NPIX_E NPIX_C        A3  A3_ERR        B3  B3_ERR        A4  A4_ERR        B4  B4_ERR NDATA NFLAG NITER  STOP     A_BIG SAREA
pixel                                                            degrees degrees   pixel  pixel   pixel  pixel                              pixel**1/4                                                                                                                                                                                             pixel

     0.00       7.13      INDEF     INDEF     INDEF  INDEF     INDEF   INDEF   INDEF  124.78  INDEF   85.03  INDEF    -1.19    INDEF      INDEF    0.00000   -2.13    INDEF    INDEF        INDEF        INDEF   INDEF   INDEF  INDEF  INDEF     INDEF   INDEF     INDEF   INDEF     INDEF   INDEF     INDEF   INDEF     1     0 INDEF INDEF     INDEF INDEF
     0.52       6.51     0.0217     0.111    0.0784 0.3543    0.0749   89.61    7.61  124.78   0.03   85.03   0.02    -1.23    0.639      0.521    0.84958   -2.03  0.00363  0.00362       7.1328       7.1328   -2.13   -2.13      1      1    0.0184  0.0303     0.137  0.0767  -0.00352   0.028    0.0222   0.029    13     0    10     0   3.32E-5   2.0
     0.57       6.45     0.0234     0.119    0.0844 0.3544    0.0739   89.58    7.51  124.76   0.03   85.04   0.02    -1.22    0.626      0.514    0.87007   -2.02  0.00395  0.00393       7.1328       7.1328   -2.13   -2.13      1      1    0.0184  0.0297     0.136   0.075   -0.0037  0.0275    0.0206  0.0283    13     0    10     0   4.69E-5   2.0
     0.63       6.39     0.0252     0.128    0.0907 0.3546    0.0728   89.52    7.40  124.74   0.04   85.04   0.02    -1.21    0.612      0.507    0.89105   -2.01  0.00428  0.00427       7.1328       7.1328   -2.13   -2.13      1      1    0.0185  0.0291     0.134   0.073  -0.00387   0.027    0.0189  0.0274    13     0    10     0   5.01E-5   2.0
     0.69       6.32     0.0268     0.137    0.0966 0.3531    0.0662   89.30    6.74  124.71   0.04   85.04   0.02    -1.29    0.558      0.433    0.91254     -2.  0.00461  0.00459       7.1328       7.1328   -2.13   -2.13      1      1     0.018  0.0258     0.122   0.058  -0.00347  0.0242    0.0156   0.024    13     0    10     0   7.31E-4   2.0
     0.76       6.18     0.0235      0.12    0.0848 0.2934    0.0508   88.29    6.01  124.69   0.03   85.05   0.02    -1.46     0.45      0.308    0.93454   -1.98  0.00414  0.00412       7.1328       7.1328   -2.13   -2.13      1      1    0.0206  0.0182    0.0854  0.0309   0.00309  0.0167    0.0106  0.0163    13     0    10     0   8.60E-4   2.0
     0.84       6.01     0.0228     0.116    0.0822 0.2105    0.0458   88.29    7.21  124.67   0.02   85.05   0.02     -1.6    0.406      0.255    0.95708   -1.95  0.00413  0.00411       7.1328       7.1328   -2.13   -2.13      1      1    0.0262  0.0198     0.054  0.0226     0.016  0.0183   0.00771  0.0171    13     0    10     0   0.00265   2.0
     0.92       5.74     0.0189    0.0965    0.0682 0.0658    0.0377   80.80   17.57  124.66   0.02   85.08   0.02    -1.72    0.318      0.185    0.98016    -1.9  0.00358  0.00357       7.1328       7.1328   -2.13   -2.13      1      1    0.0315  0.0164    0.0131  0.0149   0.00945   0.015   0.00794  0.0143    13     0    50     2   0.00877   2.0
     1.02       5.56     0.0221     0.113    0.0796 0.0325    0.0369   80.80   34.14  124.66   0.02   85.08   0.02    -1.94    0.326      0.168    1.00379   -1.86  0.00432  0.00431       18.727       29.898   -3.18   -3.69      3      5    0.0174   0.017   0.00445  0.0161    0.0014  0.0168   0.00203   0.016    13     0    39     0    0.0063   2.0
     1.12       5.35     0.0216      0.11     0.078 0.0257    0.0307   83.10   35.81  124.66   0.02   85.07   0.02     -2.1    0.278      0.132    1.02800   -1.82   0.0044  0.00438       29.898       29.898   -3.69   -3.69      5      5   0.00209  0.0145   0.00333   0.014  -0.00249  0.0146  -0.00128  0.0139    13     0    11     0   0.00154   2.0
     1.23       5.15     0.0203     0.103    0.0731 0.0491    0.0252  -88.80   15.60  124.66   0.02   85.06   0.02    -2.11    0.229      0.108    1.05279   -1.78  0.00428  0.00427       29.898       29.898   -3.69   -3.69      5      5    0.0024  0.0122   0.00457  0.0117   0.00718   0.012   0.00219  0.0115    13     0    50     2   0.00785   2.0
     1.35       4.91     0.0187    0.0951    0.0672 0.0643    0.0209  -88.80    9.93  124.66   0.02   85.05   0.01    -2.11    0.189     0.0897    1.07817   -1.73  0.00413  0.00411       29.898       29.898   -3.69   -3.69      5      5   0.00303 0.00986   0.00901 0.00951   0.00784 0.00955  -0.00303 0.00908    13     0    11     0   0.00507   2.0
     1.49       4.65      0.017    0.0867    0.0613 0.0770    0.0171  -88.39    6.86  124.66   0.01   85.05   0.01    -2.09    0.165     0.0789    1.10417   -1.67  0.00398  0.00396        49.07        49.07   -4.23   -4.23      9      9    0.0047 0.00795   0.00908 0.00767   0.00971 0.00695  -0.00732 0.00661    13     0    50     2   0.00781   2.0
     1.64       4.37     0.0156    0.0794    0.0561 0.0940    0.0144  -88.39    4.75  124.67   0.01   85.04   0.01    -2.04    0.147     0.0719    1.13080    -1.6  0.00387  0.00386        49.07        49.07   -4.23   -4.23      9      9   0.00628 0.00687   0.00559  0.0066    0.0098  0.0047   -0.0117 0.00451    13     0    10     0   0.00278   2.0
     1.80       4.08     0.0171    0.0872    0.0616 0.1119    0.0142  -86.94    3.99  124.66   0.01   85.03   0.01    -2.03    0.139     0.0685    1.15806   -1.53  0.00456  0.00454        49.07        49.07   -4.23   -4.23      9      9   0.00628 0.00716  -5.18E-4 0.00687   0.00817 0.00545   -0.0115 0.00523    13     0    10     0   7.03E-4   2.0
     1.98       3.76     0.0159    0.0809    0.0572 0.1286    0.0124  -85.40    3.06  124.64   0.01   85.02   0.01    -1.92    0.114     0.0592    1.18599   -1.44  0.00459  0.00457        49.07        49.07   -4.23   -4.23      9      9   0.00292 0.00631  -0.00514 0.00607   0.00665 0.00548    -0.007 0.00523    13     0    10     0   2.16E-4   2.0
     2.18       3.39      0.014    0.0712    0.0503 0.1325    0.0107  -85.04    2.50  124.63   0.01   85.01   0.01    -1.79   0.0942     0.0526    1.21459   -1.33  0.00448  0.00446       56.488       62.633   -4.38   -4.49     11     13   0.00832 0.00484  -0.00268  0.0048   0.00808 0.00373  -0.00525 0.00371    13     0    10     0   4.35E-4   2.0
     2.39       3.02     0.0133    0.0704    0.0498 0.1397    0.0115  -83.51    2.55  124.61   0.02   85.01   0.01    -1.41   0.0655     0.0464    1.24388    -1.2   0.0048  0.00478       75.242       86.371   -4.69   -4.84     17     21   6.68E-4  0.0059  -0.00453 0.00588   0.00879 0.00448   -0.0092 0.00447    14     0    10     0   1.24E-4   2.0
     2.63       2.68    0.00852    0.0482    0.0341 0.1395    0.0075  -82.96    1.72  124.60   0.01   85.01   0.01     -1.2   0.0554      0.046    1.27387   -1.07  0.00346  0.00345       86.371       86.371   -4.84   -4.84     21     21   1.03E-4 0.00416   0.00131 0.00397   7.36E-4 0.00403   0.00371 0.00382    16     0    10     0   3.40E-4   2.0
     2.90       2.39    0.00816    0.0476    0.0336 0.1518    0.0077  -82.80    1.61  124.59   0.01   84.99   0.01      -1.   0.0443     0.0442    1.30459  -0.944  0.00372  0.00371       86.371       94.766   -4.84   -4.94     21     25  -0.00109 0.00419   0.00325 0.00412  -0.00463 0.00189    0.0129 0.00193    17     0    10     0   2.69E-4   2.0
     3.19       2.12    0.00721    0.0444    0.0314 0.1663    0.0067  -81.88    1.32  124.59   0.01   84.99   0.01   -0.882   0.0367     0.0416    1.33605  -0.815   0.0037  0.00369       99.678       117.59     -5.   -5.18     27     37  -0.00177 0.00388   0.00188 0.00372  -0.00305 0.00203    0.0123   0.002    19     0    10     0   6.47E-5   2.0
     3.50       1.88    0.00733    0.0464    0.0328 0.1844    0.0079  -82.14    1.36  124.57   0.02   84.99   0.01   -0.685   0.0408     0.0596    1.36826  -0.683  0.00425  0.00424       107.91       117.59   -5.08   -5.18     31     37   -0.0024 0.00454   7.96E-4  0.0045   5.67E-4 0.00433   0.00545 0.00431    20     0    10     0   0.00154   2.0
     3.86       1.71    0.00765    0.0496    0.0351 0.2305    0.0083  -81.96    1.16  124.61   0.02   84.99   0.02   -0.507   0.0284      0.056    1.40126  -0.583  0.00486  0.00484       111.31       129.69   -5.12   -5.28     33     45  -0.00455 0.00459   0.00792 0.00464   0.00703 0.00424   0.00289 0.00425    21     0    50     2    0.0141   2.0
     4.24       1.54    0.00685    0.0465    0.0329 0.2514    0.0092  -81.96    1.22  124.61   0.03   84.97   0.02   -0.407   0.0256     0.0628    1.43505  -0.472  0.00483  0.00481       130.62       145.83   -5.29   -5.41     45     57   -0.0056 0.00498     0.013 0.00501   3.89E-4 0.00402     0.013 0.00409    23     0    10     0   2.14E-4   2.0
     4.67        1.4     0.0067    0.0474    0.0335 0.2697    0.0098  -80.79    1.22  124.64   0.03   84.97   0.02   -0.329   0.0242     0.0735    1.46965  -0.362  0.00523  0.00521       139.52       159.99   -5.36   -5.51     51     69  -0.00747 0.00509    0.0172 0.00519  -0.00614 0.00271    0.0191   0.003    25     0    10     0   1.01E-4   2.0
     5.13       1.27    0.00728    0.0535    0.0378 0.2944    0.0109  -79.53    1.26  124.66   0.04   84.97   0.03   -0.281    0.022     0.0783    1.50509  -0.261  0.00623  0.00619       150.04       180.45   -5.44   -5.64     59     89  -0.00468 0.00677    0.0146 0.00682  -0.00552 0.00416    0.0255 0.00457    27     0    10     0   2.05E-4   2.0
     5.64       1.16    0.00731    0.0557    0.0394 0.3216    0.0114  -79.13    1.23  124.64   0.05   84.97   0.03   -0.233   0.0179     0.0767    1.54138  -0.163  0.00685  0.00681       159.69       187.66   -5.51   -5.68     67     97  -0.00271 0.00796   0.00867 0.00795  -0.00152 0.00609    0.0259 0.00639    29     0    10     0   8.32E-4   2.0
     6.21       1.06    0.00642    0.0505    0.0357 0.3459    0.0110  -78.60    1.11  124.63   0.05   84.97   0.04   -0.186   0.0151     0.0814    1.57855 -0.0607  0.00661  0.00657       172.81        207.5   -5.59   -5.79     79    121  -0.00154 0.00801   0.00749 0.00806  -0.00112 0.00686    0.0218 0.00713    31     0    10     0   2.71E-4   2.0
     6.83      0.971    0.00551    0.0454    0.0321 0.3703    0.0098  -79.31    0.96  124.63   0.05   84.97   0.04   -0.154   0.0138     0.0893    1.61662  0.0319  0.00617  0.00614       186.94        225.1   -5.68   -5.88     93    145   0.00356 0.00767  -2.21E-4 0.00754  -0.00782 0.00657    0.0205  0.0067    34     0    10     0   2.55E-4   2.0
     7.51      0.899    0.00529    0.0449    0.0318 0.3980    0.0097  -80.65    0.89  124.66   0.06   84.98   0.04    -0.13   0.0127     0.0979    1.65560   0.115  0.00641  0.00637       200.33       247.34   -5.75   -5.98    107    177   0.00625 0.00781  -0.00513 0.00777  -0.00966 0.00613    0.0263 0.00658    36     0    10     0   0.00113   2.0
     8.26      0.834    0.00558    0.0493    0.0348 0.4245    0.0100  -82.44    0.89  124.75   0.07   84.94   0.05    -0.11   0.0101      0.092    1.69552   0.198  0.00729  0.00724       212.44       274.03   -5.82   -6.09    121    221  -5.20E-4 0.00866  -0.00167 0.00853  -0.00636 0.00696    0.0299 0.00739    39     0    50     2   0.00749   2.0
     9.09      0.771    0.00587    0.0532    0.0376 0.4554    0.0123  -82.44    1.03  124.75   0.10   84.94   0.06  -0.0839   0.0088      0.105    1.73641   0.282   0.0083  0.00823       228.24        295.6    -5.9   -6.18    141    261  -0.00808   0.011     -0.01   0.011  -0.00479  0.0105    0.0183  0.0107    41     0    13     0   0.00218   2.0
    10.00      0.711     0.0055    0.0516    0.0365 0.4736    0.0123  -82.02    1.00  124.76   0.11   84.90   0.07  -0.0689   0.0076      0.111    1.77828    0.37  0.00843  0.00836       247.49       323.14   -5.98   -6.27    167    317   -0.0137  0.0115  -0.00174  0.0114  -0.00776  0.0113  -0.00128  0.0113    44     0    20     0   6.71E-4   2.0
    11.00      0.668    0.00461    0.0447    0.0316 0.4997    0.0103  -83.14    0.82  124.78   0.11   84.89   0.06  -0.0592   0.0069      0.117    1.82116   0.438  0.00752  0.00747       264.07       350.25   -6.05   -6.36    191    377   -0.0154  0.0101  -0.00145 0.00996   -0.0138 0.00985  -6.17E-4 0.00978    47     0    10     0   8.11E-4   2.0
    12.10      0.629    0.00498    0.0498    0.0352 0.5259    0.0105  -84.54    0.81  124.97   0.13   84.90   0.07  -0.0537   0.0061      0.113    1.86508   0.503  0.00863  0.00856        279.9       386.68   -6.12   -6.47    215    465   -0.0261  0.0108    0.0016  0.0104    -0.014  0.0103   0.00284  0.0102    50     0    10     0   8.38E-4   2.0
    13.31      0.595    0.00575    0.0598    0.0423 0.5531    0.0130  -85.08    0.99  125.38   0.18   84.89   0.10  -0.0421   0.0068       0.16    1.91005   0.564   0.0106   0.0104       301.54       420.33    -6.2   -6.56    251    553   -0.0355  0.0147    0.0267  0.0139  -0.00326  0.0132    0.0175  0.0133    54     0    50     2   0.00356   2.0
    14.64      0.565    0.00673    0.0718    0.0508 0.5804    0.0171  -84.67    1.27  125.68   0.28   84.91   0.15   -0.032    0.007      0.219    1.95611   0.619    0.013   0.0128       320.61       463.46   -6.26   -6.67    283    673   -0.0351   0.021    0.0419  0.0211   0.00166  0.0183    0.0452  0.0207    57     0    10     0   0.00296   2.0
    16.11      0.556    0.00695    0.0755    0.0534 0.6187    0.0159  -84.85    1.16  125.28   0.31   84.91   0.15  -0.0291   0.0066      0.228    2.00328   0.637   0.0136   0.0135       340.04       506.23   -6.33   -6.76    317    805     -0.03  0.0222    0.0157  0.0209  -0.00505  0.0193    0.0617  0.0236    59     0    10     0   0.00132   2.0
    17.72      0.542    0.00756    0.0842    0.0596 0.6473    0.0154  -84.97    1.10  125.81   0.36   84.95   0.17  -0.0275   0.0062      0.225    2.05158   0.666   0.0153   0.0151       359.66       560.26   -6.39   -6.87    351    981   -0.0248  0.0227    0.0359  0.0227  -0.00696  0.0198    0.0702   0.025    62     0    10     0   1.01E-4   2.0
    19.49      0.521    0.00757    0.0863     0.061 0.6712    0.0130  -84.88    0.92  125.90   0.36   84.99   0.16  -0.0274   0.0052       0.19    2.10105   0.708   0.0159   0.0157       380.75       621.48   -6.45   -6.98    389   1201    -0.013  0.0206    0.0273  0.0203   -0.0141  0.0178    0.0753  0.0225    65     0    10     0   9.97E-4   2.0
    21.44       0.48    0.00636    0.0752    0.0532 0.6817    0.0111  -84.50    0.79  126.04   0.35   85.00   0.15  -0.0235   0.0039      0.167    2.15172   0.798   0.0145   0.0143       417.64       681.13   -6.55   -7.08    461   1449   -0.0028  0.0184    0.0125  0.0178   -0.0143  0.0159    0.0732  0.0196    70     0    10     0    0.0012   2.0
    23.58      0.446    0.00533    0.0649    0.0459 0.6966    0.0096  -84.19    0.67  125.44   0.35   84.90   0.14  -0.0198   0.0045      0.227    2.20360   0.876    0.013   0.0129       451.69       746.36   -6.64   -7.18    533   1749  -0.00223  0.0167  -0.00765  0.0161    -0.016  0.0149    0.0628  0.0202    74     0    10     0   6.97E-4   2.0
    25.94      0.394    0.00453     0.058     0.041 0.6944    0.0098  -84.46    0.69  124.78   0.39   84.90   0.16   -0.015   0.0025      0.169    2.25674    1.01   0.0125   0.0124       501.65        807.2   -6.75   -7.27    651   2093  -0.00699  0.0169   -0.0101  0.0163   0.00739  0.0164    0.0289  0.0168    82     0    10     0   0.00185   2.0
    28.53      0.347    0.00465    0.0635    0.0449 0.6790    0.0082  -83.48    0.58  125.46   0.34   85.04   0.15  -0.0176   0.0035      0.199    2.31116    1.15   0.0147   0.0145        564.8       878.15   -6.88   -7.36    823   2561    0.0116  0.0135   -0.0128  0.0131    0.0243  0.0136    0.0192  0.0132    93     0    10     0   3.29E-4   2.0
    31.38      0.263    0.00366     0.056    0.0396 0.6047    0.0084  -81.10    0.61  125.52   0.31   84.83   0.16  -0.0153   0.0021      0.136    2.36689    1.45   0.0153    0.015       687.26       940.12   -7.09   -7.43   1227   3093   -0.0185  0.0109    0.0257  0.0109    0.0314  0.0109  -0.00507    0.01   117     0    10     0   0.00266   2.0
    34.52      0.168    0.00267    0.0459    0.0325 0.4993    0.0099  -82.62    0.79  124.28   0.32   84.40   0.19   -0.011   0.0017      0.158    2.42396    1.94   0.0174   0.0171       826.27        997.2   -7.29    -7.5   1879   3745    0.0321  0.0105    0.0363  0.0108  -0.00351 0.00916  -0.00403 0.00919   148     0    10     0   0.00188   2.0
    37.97      0.119    0.00218    0.0396     0.028 0.4902    0.0133  -83.51    1.06  123.35   0.46   84.81   0.28 -0.00621   0.0012      0.186    2.48241    2.31   0.0201   0.0197       888.81       1050.6   -7.37   -7.55   2305   4509    0.0393  0.0142    0.0511  0.0154     0.029   0.013   -0.0192  0.0124   165     0    10     0    0.0013   2.0
    41.77     0.0764    0.00197    0.0388    0.0274 0.4263    0.0275  -83.51    2.40  123.35   0.95   84.81   0.63 -0.00272   7.1E-4      0.261    2.54228    2.79   0.0284   0.0276       967.57       1094.6   -7.46    -7.6   3149   5473   -0.0022  0.0241   -0.0272  0.0251     0.122  0.0388   -0.0295  0.0236   194     0    50     2   0.00584   2.0
    45.95     0.0423    0.00146    0.0323    0.0228 0.2585    0.0268  -79.30    3.43  123.02   0.80   87.65   0.65 -0.00236   6.9E-4      0.293    2.60358    3.43    0.038   0.0367       1084.7       1129.7   -7.59   -7.63   4923   6613    0.0164  0.0186   -0.0171  0.0187    0.0982  0.0333  -0.00843   0.017   246     0    50     2   0.00674   2.0
    50.54     0.0323    0.00174    0.0401    0.0283 0.2840    0.0321  -75.52    3.80  126.82   1.08   86.66   0.87 -0.00216   4.1E-4      0.191    2.66636    3.73   0.0599   0.0568       1118.9       1159.5   -7.62   -7.66   5745   8029    0.0419  0.0236    0.0124  0.0224    0.0783  0.0263   0.00394  0.0217   266     0    50     2    0.0039   2.0
    55.60     0.0234    0.00126    0.0304    0.0215 0.2840    0.0264  -75.52    3.13  122.72   0.98   86.34   0.78 -0.00174   3.2E-4      0.185    2.73066    4.08   0.0599   0.0568       1149.9       1186.3   -7.65   -7.69   6943   9721  -6.51E-4  0.0184   -0.0128  0.0186    0.0651  0.0216  -0.00173   0.018   293     0    10     0    0.0011   2.0
    61.16     0.0202     0.0012    0.0297     0.021 0.3441    0.0229  -75.59    2.34  120.92   1.01   85.88   0.77 -0.00158   2.7E-4      0.171    2.79650    4.24   0.0663   0.0625       1167.8        1311.   -7.67   -7.79   7711  11761    0.0118  0.0176    0.0145  0.0177    0.0172  0.0177   -0.0233  0.0179   307     0    50     2    0.0015   2.0
    67.28     0.0068    0.00107    0.0308    0.0218 0.0198    0.1249   37.58  182.21  120.43   4.22   97.49   4.24 -3.53E-4   2.2E-4      0.623    2.86394    5.42    0.185    0.158       1695.5       1697.4   -8.07   -8.07  13941  14249    -0.219    0.15   -0.0375  0.0668   -0.0629  0.0736    0.0272  0.0647   417     0    27     0   0.00103   2.0
