SMA     INTENS    INT_ERR   PIX_VAR       RMS  ELLIP ELLIP_ERR      PA  PA_ERR      X0 X0_ERR      Y0 Y0_ERR     GRAD GRAD_ERR GRAD_R_ERR       RSMA     MAG MAG_LERR MAG_UERR      TFLUX_E      TFLUX_C  TMAG_E  TMAG_C NPIX_E NPIX_C        A3  A3_ERR        B3  B3_ERR        A4  A4_ERR        B4  B4_ERR NDATA NFLAG NITER  STOP     A_BIG SAREA
pixel                                                            degrees degrees   pixel  pixel   pixel  pixel                              pixel**1/4                                                                                                                                                                                             pixel

     0.00       8.56      INDEF     INDEF     INDEF  INDEF     INDEF   INDEF   INDEF  208.00  INDEF  160.00  INDEF    -0.88    INDEF      INDEF    0.00000   -2.33    INDEF    INDEF        INDEF        INDEF   INDEF   INDEF  INDEF  INDEF     INDEF   INDEF     INDEF   INDEF     INDEF   INDEF     INDEF   INDEF     1     0 INDEF INDEF     INDEF INDEF
     0.51       8.12      0.086     0.439      0.31 0.3730    0.0769   70.56    7.50  208.00   0.03  160.00   0.02   -0.865     2.51        2.9    0.84409   -2.27   0.0116   0.0115       8.5625       8.5625   -2.33   -2.33      1      1    0.0178  0.0698   -0.0957   0.282     0.133   0.388  -0.00999  0.0348    13     0     1     0     INDEF   2.0
     0.56       8.07     0.0941      0.48     0.339 0.3730    0.0760   70.56    7.43  208.00   0.03  160.00   0.02   -0.862      2.5        2.9    0.86444   -2.27   0.0127   0.0126       8.5625       8.5625   -2.33   -2.33      1      1    0.0157  0.0651   -0.0938   0.275     0.133   0.386  -0.00958  0.0337    13     0     1     0     INDEF   2.0
     0.61       8.02      0.103     0.525     0.371 0.3730    0.0752   70.56    7.34  208.00   0.04  160.00   0.03   -0.859     2.48       2.89    0.88528   -2.26    0.014   0.0138       8.5625       8.5625   -2.33   -2.33      1      1    0.0133  0.0603   -0.0917   0.269     0.132   0.382  -0.00915  0.0326    13     0     1     0     INDEF   2.0
     0.68       7.97      0.112     0.574     0.406 0.3730    0.0742   70.56    7.25  208.00   0.04  160.00   0.03   -0.856     2.47       2.88    0.90663   -2.25   0.0154   0.0152       8.5625       8.5625   -2.33   -2.33      1      1    0.0107  0.0555   -0.0893   0.261     0.131   0.379  -0.00865  0.0314    13     0     1     0     INDEF   2.0
     0.74       7.91      0.123     0.626     0.443 0.3730    0.0732   70.56    7.15  208.00   0.04  160.00   0.03   -0.852     2.45       2.87    0.92849   -2.25    0.017   0.0167       8.5625       8.5625   -2.33   -2.33      1      1   0.00779   0.051   -0.0867   0.253     0.131   0.376  -0.00811  0.0301    13     0     1     0     INDEF   2.0
     0.82       7.85      0.134     0.684     0.483 0.3730    0.0721   70.56    7.04  208.00   0.05  160.00   0.03   -0.847     2.43       2.86    0.95088   -2.24   0.0187   0.0184       8.5625       8.5625   -2.33   -2.33      1      1   0.00457  0.0474   -0.0838   0.244      0.13   0.372   -0.0075  0.0287    13     0     1     0     INDEF   2.0
     0.90       7.78      0.146     0.745     0.527 0.3730    0.0709   70.56    6.92  208.00   0.05  160.00   0.04   -0.843      2.4       2.85    0.97381   -2.23   0.0206   0.0202       8.5625       8.5625   -2.33   -2.33      1      1   9.89E-4  0.0453   -0.0805   0.234     0.129   0.367  -0.00683  0.0272    13     0     1     0     INDEF   2.0
     0.99        7.7      0.159     0.812     0.574 0.3730    0.0684   70.56    6.68  208.00   0.05  160.00   0.04   -0.853     2.38        2.8    0.99729   -2.22   0.0227   0.0222       8.5625       8.5625   -2.33   -2.33      1      1  -0.00295  0.0448   -0.0756   0.215     0.125    0.35  -0.00598   0.025    13     0     1     0     INDEF   2.0
     1.09       7.62      0.174     0.887     0.627 0.3730    0.0581   70.56    5.67  208.00   0.05  160.00   0.04   -0.987     2.34       2.37    1.02134    -2.2   0.0251   0.0245       24.195       39.336   -3.46   -3.99      3      5  -0.00688  0.0408   -0.0637   0.155     0.105    0.25  -0.00648  0.0224    13     0     1     0     INDEF   2.0
     1.20       7.51      0.186      0.95     0.672 0.3730    0.0492   70.56    4.80  208.00   0.05  160.00   0.03    -1.05     2.28       2.17    1.04597   -2.19   0.0273   0.0266       24.195       39.336   -3.46   -3.99      3      5   -0.0039   0.034   -0.0466   0.106    0.0879   0.192   -0.0188  0.0438    13     0     1     0     INDEF   2.0
     1.32       7.39        0.2      1.02     0.721 0.3730    0.0431   70.56    4.21  208.00   0.04  160.00   0.03    -1.05     2.23       2.12    1.07119   -2.17   0.0298    0.029       24.195       39.336   -3.46   -3.99      3      5  -0.00105  0.0302   -0.0315  0.0728    0.0735   0.157   -0.0311  0.0677    13     0     1     0     INDEF   2.0
     1.45       7.25      0.216       1.1     0.778 0.3730    0.0359   70.56    3.50  208.00   0.04  160.00   0.03    -1.15     2.16       1.88    1.09702   -2.15   0.0328   0.0318       24.195       66.914   -3.46   -4.56      3      9   0.00115   0.026   -0.0165  0.0399    0.0556   0.106   -0.0382  0.0731    13     0     1     0     INDEF   2.0
     1.59       7.08      0.227      1.16     0.819 0.3730    0.0284   70.56    2.78  208.00   0.03  160.00   0.03    -1.26     2.05       1.62    1.12348   -2.13   0.0354   0.0343       39.336       66.914   -3.99   -4.56      5      9  -0.00269   0.021   -0.0131   0.029    0.0374  0.0618   -0.0342  0.0566    13     0     1     0     INDEF   2.0
     1.75       6.88      0.234      1.19     0.843 0.3730    0.0235   70.56    2.29  208.00   0.03  160.00   0.02    -1.31      1.9       1.45    1.15057   -2.09   0.0375   0.0363       53.445       66.914   -4.32   -4.56      7      9  -0.00672  0.0188   -0.0189  0.0315    0.0249  0.0377   -0.0255  0.0385    13     0     1     0     INDEF   2.0
     1.93       6.65      0.238      1.21     0.857 0.3730    0.0231   70.56    2.26  208.00   0.03  160.00   0.02    -1.24     1.76       1.42    1.17831   -2.06   0.0395   0.0381       53.445       66.914   -4.32   -4.56      7      9  -0.00373  0.0154   -0.0276  0.0416    0.0174  0.0269   -0.0244  0.0361    13     0     1     0     INDEF   2.0
     2.12       6.41      0.242      1.23     0.873 0.3730    0.0223   70.56    2.17  208.00   0.04  160.00   0.03     -1.2     1.59       1.32    1.20673   -2.02   0.0418   0.0402       53.445       90.508   -4.32   -4.89      7     13  -0.00224  0.0121    -0.035  0.0476    0.0141  0.0207   -0.0177   0.025    13     0     1     0     INDEF   2.0
     2.33       6.16      0.235       1.2     0.846 0.3730    0.0114   70.56    1.09  208.00   0.02  160.00   0.01    -1.66      1.4      0.847    1.23583   -1.97   0.0422   0.0406       91.109       134.15    -4.9   -5.32     13     21   0.00293 0.00725   -0.0141  0.0137  -0.00161  0.0053    -0.014  0.0129    13     0     1     0     INDEF   2.0
     2.57       5.77      0.228      1.21     0.853 0.3730    0.0173   70.56    1.73  208.00   0.03  160.00   0.03    -1.45     1.23      0.844    1.26563    -1.9   0.0438   0.0421       91.109       134.15    -4.9   -5.32     13     21  -0.00103  0.0129  -0.00764  0.0138   0.00604  0.0119   -0.0217  0.0209    14     0     1     0     INDEF   2.0
     2.82        5.4      0.217      1.19     0.839 0.3730    0.0177   70.56    1.81  208.00   0.04  160.00   0.03    -1.36     1.05       0.77    1.29614   -1.83   0.0445   0.0427       91.109       134.15    -4.9   -5.32     13     21  -0.00276  0.0139  -0.00192   0.013   0.00481   0.013   -0.0183  0.0183    15     0     1     0     INDEF   2.0
     3.10       5.01        0.2      1.13     0.801 0.3730    0.0224   70.56    2.25  208.00   0.05  160.00   0.04    -1.06     0.88       0.83    1.32740   -1.75   0.0442   0.0425         124.       169.27   -5.23   -5.57     19     29  -1.43E-4  0.0172   0.00831  0.0177  -8.32E-4  0.0145   -0.0315  0.0296    16     0     1     0     INDEF   2.0
     3.42       4.69      0.186      1.08     0.767 0.3730    0.0150   70.56    1.47  208.00   0.04  160.00   0.03    -1.24    0.736      0.593    1.35941   -1.68    0.044   0.0423       151.48       201.09   -5.45   -5.76     25     37  -0.00182  0.0107    0.0144  0.0135   0.00468 0.00837   -0.0259  0.0172    17     0     1     0     INDEF   2.0
     3.76       4.26      0.169      1.04     0.738 0.3730    0.0153   70.56    1.52  208.00   0.04  160.00   0.03    -1.08    0.614      0.569    1.39219   -1.57    0.044   0.0423       161.63       228.74   -5.52    -5.9     27     45  -0.00106  0.0114    0.0141  0.0136   0.00153 0.00945   -0.0243  0.0166    19     0     1     0     INDEF   2.0
     4.13       3.86      0.157      1.02     0.719 0.3730    0.0161   70.56    1.60  208.00   0.05  160.00   0.04   -0.994    0.505      0.508    1.42576   -1.47   0.0451   0.0433       177.42       263.97   -5.62   -6.05     31     57   1.55E-4  0.0115    0.0216  0.0156   0.00247 0.00981   -0.0246  0.0156    21     0     1     0     INDEF   2.0
     4.55       3.45      0.137     0.932     0.659 0.3730    0.0155   70.56    1.53  208.00   0.05  160.00   0.04   -0.807    0.405      0.502    1.46014   -1.34   0.0442   0.0424       219.38       295.69   -5.85   -6.18     43     69  -0.00255  0.0111    0.0226  0.0155  -0.00315 0.00933   -0.0257  0.0157    23     0     1     0     INDEF   2.0
     5.00       3.08      0.123     0.868     0.614 0.3730    0.0150   70.56    1.47  208.00   0.06  160.00   0.04   -0.704    0.326      0.463    1.49535   -1.22   0.0442   0.0425       239.33       321.74   -5.95   -6.27     49     81  -0.00453  0.0107     0.024  0.0151  -0.00171 0.00817   -0.0303  0.0161    25     0     1     0     INDEF   2.0
     5.50       2.73      0.107     0.787     0.556 0.3730    0.0114   70.56    1.10  208.00   0.05  160.00   0.04   -0.671    0.256      0.383    1.53141   -1.09   0.0435   0.0418        271.7       354.09   -6.09   -6.37     61     97   -0.0066 0.00818    0.0188  0.0106  -0.00218 0.00595   -0.0247  0.0111    27     0     1     0     INDEF   2.0
     6.05       2.36     0.0918     0.711     0.503 0.3730    0.0114   70.56    1.11  208.00   0.05  160.00   0.04   -0.531    0.199      0.375    1.56834  -0.931   0.0431   0.0415       302.09       380.88    -6.2   -6.45     73    113  -0.00793 0.00848    0.0198  0.0108  -0.00382 0.00683   -0.0217  0.0105    30     0     1     0     INDEF   2.0
     6.66       2.04     0.0782     0.635     0.449 0.3730    0.0112   70.56    1.09  208.00   0.06  160.00   0.04   -0.443    0.154      0.346    1.60615  -0.772   0.0425   0.0409       336.57       416.67   -6.32   -6.55     89    137  -0.00841 0.00816    0.0228  0.0109   7.34E-4 0.00654   -0.0211 0.00975    33     0     1     0     INDEF   2.0
     7.32       1.74     0.0658     0.558     0.395 0.3730    0.0101   70.56    0.97  208.00   0.05  160.00   0.04   -0.361    0.118      0.325    1.64488  -0.602   0.0418   0.0403        363.7       465.29    -6.4   -6.67    105    177    -0.011 0.00756    0.0214 0.00961   0.00241 0.00602   -0.0167 0.00805    36     0     1     0     INDEF   2.0
     8.05       1.48     0.0554     0.496     0.351 0.3730    0.0100   70.56    0.97  208.00   0.06  160.00   0.05   -0.287   0.0889       0.31    1.68455  -0.423   0.0415     0.04       399.15       485.51    -6.5   -6.72    127    197   -0.0106 0.00769    0.0205 0.00934   0.00492 0.00664   -0.0144 0.00779    40     0     1     0     INDEF   2.0
     8.86       1.25     0.0452     0.424       0.3 0.3730    0.0103   70.56    1.01  208.00   0.07  160.00   0.05   -0.206   0.0657      0.319    1.72517  -0.239   0.0402   0.0387       427.54       525.23   -6.58    -6.8    149    241   -0.0101 0.00766     0.026  0.0107    0.0103 0.00724   -0.0126 0.00752    44     0     1     0     INDEF   2.0
     9.74       1.06     0.0365     0.358     0.253 0.3730    0.0103   70.56    1.00  208.00   0.07  160.00   0.06   -0.157   0.0476      0.304    1.76677 -0.0666    0.038   0.0367       470.79       564.57   -6.68   -6.88    187    293  -0.00672 0.00699    0.0303  0.0114   0.00381 0.00626   -0.0169   0.008    48     0     1     0     INDEF   2.0
    10.72      0.911     0.0286     0.294     0.208 0.3730    0.0109   70.56    1.06  208.00   0.09  160.00   0.07   -0.117   0.0326      0.278    1.80937   0.101   0.0346   0.0335       510.65        606.5   -6.77   -6.96    229    357   -0.0102 0.00744    0.0359  0.0121  -0.00224 0.00656   -0.0148 0.00767    53     0     1     0     INDEF   2.0
    11.79      0.785     0.0201     0.216     0.153 0.3730    0.0091   70.56    0.87  208.00   0.08  160.00   0.06  -0.0879   0.0207      0.236    1.85300   0.263   0.0281   0.0274       542.45       653.39   -6.84   -7.04    269    437   -0.0121 0.00646    0.0289 0.00894  -0.00976 0.00605    -0.005  0.0057    58     0     1     0     INDEF   2.0
    12.97      0.681      0.014     0.158     0.112 0.3730    0.0087   70.56    0.85  208.00   0.08  160.00   0.06  -0.0528   0.0127       0.24    1.89769   0.416   0.0225    0.022       587.19       696.75   -6.92   -7.11    331    517   -0.0118 0.00691    0.0199 0.00786  -0.00681 0.00643   0.00323 0.00623    64     0     1     0     INDEF   2.0
    14.27      0.613    0.00873     0.103     0.073 0.3730    0.0102   70.56    0.98  208.00   0.11  160.00   0.08  -0.0387   0.0071      0.184    1.94345   0.531   0.0156   0.0153       632.71       760.96     -7.    -7.2    403    641   -0.0124 0.00779     0.022 0.00845   0.00683 0.00726    0.0153 0.00768    70     0     1     0     INDEF   2.0
    15.69      0.558    0.00517    0.0642    0.0454 0.3730    0.0164   70.56    1.58  208.00   0.19  160.00   0.15  -0.0178   0.0037       0.21    1.99031   0.634   0.0101     0.01       680.43       826.46   -7.08   -7.29    487    777   -0.0382  0.0142    0.0306  0.0133    0.0427  0.0138    0.0112  0.0108    77     0     1     0     INDEF   2.0
    17.26       0.53    0.00277    0.0359    0.0254 0.3730    0.0197   70.56    1.88  208.00   0.25  160.00   0.19  -0.0117   0.0023      0.194    2.03830    0.69  0.00569  0.00566       732.99       898.23   -7.16   -7.38    585    941   -0.0269  0.0161  -0.00868  0.0154    0.0428  0.0167   0.00344  0.0146    84     0     1     0     INDEF   2.0
    18.99       0.51     0.0028    0.0381     0.027 0.3730    0.0197   70.56    1.89  208.00   0.28  160.00   0.21  -0.0127   0.0023      0.182    2.08745   0.732  0.00598  0.00594       798.15       966.01   -7.26   -7.46    711   1125    0.0366  0.0163   -0.0314  0.0159    0.0632  0.0175   0.00154  0.0133    93     0     1     0     INDEF   2.0
    20.89      0.485    0.00341    0.0487    0.0344 0.3730    0.0068   70.56    0.65  208.00   0.11  160.00   0.08  -0.0376   0.0046      0.122    2.13779   0.785  0.00765   0.0076       872.85       1039.5   -7.35   -7.54    861   1369    0.0141 0.00549  -0.00128 0.00523    0.0323 0.00565  -0.00346  0.0041   102     0     1     0     INDEF   2.0
    22.97      0.407    0.00413    0.0619    0.0438 0.3730    0.0050   70.56    0.48  208.00   0.09  160.00   0.06  -0.0402    0.004        0.1    2.18934   0.977   0.0111    0.011       954.97       1101.8   -7.45   -7.61   1045   1649   -0.0073 0.00399  -1.05E-5 0.00393    0.0183 0.00389  -0.00725 0.00353   112     0     1     0     INDEF   2.0
    25.27      0.312    0.00428    0.0672    0.0475 0.3730    0.0052   70.56    0.50  208.00   0.10  160.00   0.07  -0.0335   0.0028     0.0821    2.24213    1.26    0.015   0.0148       1031.9       1159.8   -7.53   -7.66   1265   2009   -0.0211 0.00405   0.00206 0.00368    0.0133 0.00348    0.0109 0.00345   123     0     1     0     INDEF   2.0
    27.80      0.219    0.00363    0.0598    0.0423 0.3730    0.0052   70.56    0.50  208.00   0.11  160.00   0.08  -0.0231   0.0019     0.0815    2.29620    1.65   0.0181   0.0178       1096.3       1207.6    -7.6    -7.7   1515   2425   -0.0136 0.00399    0.0116 0.00395   0.00925 0.00377   0.00702 0.00375   136     0     1     0     INDEF   2.0
    30.58      0.152    0.00227    0.0392    0.0277 0.3730    0.0047   70.56    0.45  208.00   0.11  160.00   0.08   -0.016   0.0011     0.0713    2.35157    2.04   0.0163   0.0161        1155.       1251.7   -7.66   -7.74   1843   2941   -0.0146 0.00366   0.00437 0.00353   2.11E-4  0.0035   -0.0015 0.00352   149     0     1     0     INDEF   2.0
    33.64      0.107    0.00157    0.0284    0.0201 0.3730    0.0114   70.56    1.09  208.00   0.28  160.00   0.22 -0.00555   8.8E-4      0.158    2.40827    2.43    0.016   0.0158       1202.8       1301.2    -7.7   -7.79   2225   3569   -0.0105 0.00918   0.00274 0.00907    0.0123  0.0091    0.0144 0.00923   164     0     1     0     INDEF   2.0
    37.00     0.0827    0.00141    0.0268    0.0189 0.3730    0.0173   70.56    1.66  208.00   0.47  160.00   0.36 -0.00329   7.5E-4      0.228    2.46635    2.71   0.0186   0.0183       1246.9       1352.7   -7.74   -7.83   2701   4293    0.0156  0.0142  -0.00611  0.0138    0.0199  0.0141    0.0375  0.0159   181     0     1     0     INDEF   2.0
    40.70     0.0702    0.00126    0.0251    0.0177 0.3730    0.0250   70.56    2.39  208.00   0.75  160.00   0.57 -0.00204   4.3E-4      0.209    2.52582    2.88   0.0196   0.0193       1291.1       1409.4   -7.78   -7.87   3265   5193  -0.00348  0.0199   -0.0174  0.0202   -0.0478  0.0219    0.0331  0.0207   199     0     1     0     INDEF   2.0
    44.77     0.0618     0.0012    0.0251    0.0177 0.3730    0.0395   70.56    3.79  208.00   1.31  160.00   1.00 -0.00119   3.8E-4      0.322    2.58673    3.02   0.0212   0.0208       1336.4       1470.3   -7.81   -7.92   3955   6293    0.0805  0.0393    -0.143  0.0547    -0.101  0.0419     -0.16   0.058   219     0     1     0     INDEF   2.0
    49.25     0.0565    0.00123     0.027    0.0191 0.3730    0.0743   70.56    7.14  208.00   2.71  160.00   2.07 -5.58E-4   3.2E-4      0.571    2.64910    3.12   0.0239   0.0234       1384.7       1531.5   -7.85   -7.96   4781   7637     0.135   0.096    -0.216   0.136    -0.157   0.105    -0.255   0.155   241     0     1     0     INDEF   2.0
