SMA     INTENS    INT_ERR   PIX_VAR       RMS  ELLIP ELLIP_ERR      PA  PA_ERR      X0 X0_ERR      Y0 Y0_ERR     GRAD GRAD_ERR GRAD_R_ERR       RSMA     MAG MAG_LERR MAG_UERR      TFLUX_E      TFLUX_C  TMAG_E  TMAG_C NPIX_E NPIX_C        A3  A3_ERR        B3  B3_ERR        A4  A4_ERR        B4  B4_ERR NDATA NFLAG NITER  STOP     A_BIG SAREA
pixel                                                            degrees degrees   pixel  pixel   pixel  pixel                              pixel**1/4                                                                                                                                                                                             pixel

     0.00       23.8      INDEF     INDEF     INDEF  INDEF     INDEF   INDEF   INDEF  202.82  INDEF  147.21  INDEF    -3.21    INDEF      INDEF    0.00000   -3.44    INDEF    INDEF        INDEF        INDEF   INDEF   INDEF  INDEF  INDEF     INDEF   INDEF     INDEF   INDEF     INDEF   INDEF     INDEF   INDEF     1     0 INDEF INDEF     INDEF INDEF
     0.51       22.2     0.0717     0.366     0.259 0.0759    0.1115  -80.87   45.24  202.82   0.03  147.21   0.03    -3.99     2.08      0.521    0.84409   -3.37  0.00351   0.0035       23.844       23.844   -3.44   -3.44      1      1   -0.0664  0.0386     -0.15  0.0801  -0.00403  0.0169   -0.0106  0.0169    13     0    10     0   0.00455   2.0
     0.56       22.1     0.0776     0.396      0.28 0.0809    0.1120  -79.11   42.74  202.81   0.03  147.23   0.03    -3.88     2.08      0.536    0.86444   -3.36  0.00383  0.00381       23.844       23.844   -3.44   -3.44      1      1   -0.0564   0.034    -0.157  0.0856  -0.00653  0.0153   -0.0128  0.0158    13     0    10     0    0.0206   2.0
     0.61       21.9     0.0857     0.437     0.309 0.0749    0.1131  -78.83   46.47  202.79   0.04  147.26   0.04    -3.89     2.09      0.537    0.88528   -3.35  0.00426  0.00425       23.844       23.844   -3.44   -3.44      1      1   -0.0562  0.0341    -0.158  0.0861  -0.00782  0.0156   -0.0134   0.016    13     0    10     0    0.0204   2.0
     0.68       21.7     0.0927     0.472     0.334 0.1073    0.1058  -85.87   30.88  202.76   0.04  147.26   0.04    -3.94       2.      0.506    0.90663   -3.34  0.00464  0.00462       23.844       23.844   -3.44   -3.44      1      1   -0.0889  0.0497     -0.13   0.069    0.0146  0.0221   0.00199  0.0198    13     0    16     0    0.0254   2.0
     0.74       21.5      0.103     0.527     0.373 0.0803    0.0940  -84.23   36.17  202.75   0.04  147.30   0.04    -4.63     1.95      0.422    0.92849   -3.33  0.00524  0.00522       23.844       23.844   -3.44   -3.44      1      1   -0.0743  0.0353    -0.117  0.0516    0.0077  0.0165  -0.00282  0.0155    13     0    10     0    0.0298   2.0
     0.82       21.1        0.1     0.512     0.362 0.0903    0.0720  -81.74   24.75  202.74   0.03  147.32   0.03    -5.29     1.62      0.307    0.95088   -3.31  0.00517  0.00514       23.844       23.844   -3.44   -3.44      1      1   -0.0428  0.0222   -0.0893  0.0323   0.00411  0.0166   -0.0206   0.017    13     0    10     0   9.68E-4   2.0
     0.90       20.8      0.092     0.469     0.332 0.1172    0.0538  -87.32   14.44  202.74   0.03  147.32   0.02    -5.73     1.32      0.231    0.97381    -3.3  0.00481  0.00479       23.844       23.844   -3.44   -3.44      1      1   -0.0434  0.0223   -0.0455  0.0218    0.0129  0.0188    -0.018  0.0182    13     0    10     0   0.00116   2.0
     0.99       20.4     0.0817     0.417     0.295 0.1375    0.0434  -89.49   10.05  202.75   0.02  147.31   0.02     -5.6      1.1      0.196    0.99729   -3.27  0.00436  0.00434       23.844       23.844   -3.44   -3.44      1      1   -0.0369  0.0199   -0.0254  0.0185   0.00681  0.0181   -0.0126  0.0173    13     0    10     0   0.00115   2.0
     1.09       19.8     0.0724     0.369     0.261 0.1312    0.0339   88.46    8.19  202.76   0.02  147.32   0.02    -5.82    0.887      0.152    1.02134   -3.24  0.00398  0.00397       65.625       105.38   -4.54   -5.06      3      5    0.0233  0.0169   9.82E-4  0.0159   -0.0046  0.0151   -0.0205  0.0147    13     0    10     0   0.00579   2.0
     1.20       19.2     0.0662     0.338     0.239 0.1422    0.0278   87.83    6.24  202.77   0.02  147.32   0.02    -5.82    0.739      0.127    1.04597   -3.21  0.00375  0.00374       105.38       105.38   -5.06   -5.06      5      5    0.0172   0.014  -0.00685  0.0133  -0.00685  0.0135  -0.00832  0.0129    13     0    10     0   1.08E-4   2.0
     1.32       18.6     0.0559     0.285     0.201 0.1499    0.0210   87.89    4.49  202.79   0.02  147.31   0.01    -5.86    0.571     0.0976    1.07119   -3.17  0.00327  0.00326       105.38       105.38   -5.06   -5.06      5      5    0.0106  0.0105   -0.0102  0.0101  -0.00652  0.0103  -1.24E-5 0.00978    13     0    10     0   1.67E-4   2.0
     1.45       17.8     0.0493     0.252     0.178 0.1562    0.0171   87.00    3.51  202.80   0.01  147.30   0.01    -5.75    0.482     0.0839    1.09702   -3.13  0.00301    0.003       105.38       175.38   -5.06   -5.61      5      9   0.00542 0.00806   -0.0135 0.00782  -0.00805 0.00762   0.00314 0.00724    13     0    10     0   4.34E-4   2.0
     1.59        17.     0.0496     0.253     0.179 0.1620    0.0154   85.94    3.06  202.81   0.01  147.28   0.01    -5.78    0.437     0.0756    1.12348   -3.08  0.00316  0.00315       175.38       175.38   -5.61   -5.61      9      9     0.002 0.00672   -0.0157 0.00656   -0.0104 0.00576   0.00392 0.00545    13     0    10     0   7.81E-4   2.0
     1.75       16.1      0.043     0.219     0.155 0.1652    0.0123   85.19    2.41  202.81   0.01  147.27   0.01    -5.67    0.315     0.0555    1.15057   -3.02  0.00289  0.00289       175.38       175.38   -5.61   -5.61      9      9  -0.00206  0.0051   -0.0137 0.00496  -0.00968   0.004   0.00283 0.00378    13     0    10     0   9.99E-4   2.0
     1.93       15.2     0.0294      0.15     0.106 0.1694    0.0078   84.12    1.50  202.81   0.01  147.27   0.01    -5.53    0.233     0.0421    1.17831   -2.95  0.00211   0.0021       175.38       175.38   -5.61   -5.61      9      9   -0.0054 0.00322  -0.00748  0.0031  -0.00771 0.00212   4.17E-4   0.002    13     0    10     0   0.00274   2.0
     2.12       14.1     0.0217     0.111    0.0783 0.1729    0.0060   81.88    1.13  202.80   0.01  147.26   0.01    -4.79    0.155     0.0323    1.20673   -2.87  0.00167  0.00167       205.31       230.77   -5.78   -5.91     11     13  -0.00694  0.0025  -0.00156 0.00243  -0.00478 0.00133  -0.00468  0.0013    13     0    10     0   8.05E-4   2.0
     2.33       13.1       0.02     0.106    0.0747 0.1676    0.0050   81.19    0.99  202.80   0.01  147.28   0.01     -4.7    0.143     0.0305    1.23583   -2.79  0.00166  0.00166       232.19       329.87   -5.91    -6.3     13     21  -0.00361 0.00263   0.00116 0.00251   0.00297 0.00228   0.00319 0.00215    14     0    10     0   3.94E-4   2.0
     2.57        12.     0.0211     0.115    0.0816 0.1731    0.0051   79.99    0.95  202.80   0.01  147.28   0.01    -4.42    0.168     0.0379    1.26563    -2.7   0.0019   0.0019       307.16       329.87   -6.22    -6.3     19     21   5.38E-4 0.00235  -0.00556  0.0023   1.09E-5  0.0018   0.00513 0.00175    15     0    10     0   0.00151   2.0
     2.82        11.      0.032     0.181     0.128 0.1882    0.0078   80.30    1.32  202.82   0.01  147.30   0.01    -3.87    0.144     0.0373    1.29614   -2.61  0.00315  0.00314       329.87       329.87    -6.3    -6.3     21     21   0.00295  0.0022   -0.0136 0.00224  -9.93E-4 0.00201   0.00305   0.002    16     0    10     0   7.12E-4   2.0
     3.10       9.93     0.0195     0.117    0.0828 0.1857    0.0047   78.97    0.82  202.81   0.01  147.28   0.01    -3.48    0.101      0.029    1.32740   -2.49  0.00213  0.00213       370.67       405.37   -6.42   -6.52     25     29  -0.00542 0.00237  -9.07E-4  0.0023   0.00244 0.00198   0.00427 0.00192    18     0    10     0   7.42E-4   2.0
     3.42       8.87      0.022     0.139    0.0983 0.1878    0.0057   78.44    1.01  202.80   0.01  147.27   0.01    -2.84   0.0931     0.0327    1.35941   -2.37  0.00269  0.00269       426.11        473.6   -6.57   -6.69     31     37  -0.00653 0.00277   0.00525 0.00267   0.00184 0.00263   0.00298 0.00252    20     0    10     0   5.13E-4   2.0
     3.76       7.84     0.0171     0.113    0.0801 0.1793    0.0046   76.64    0.83  202.80   0.01  147.27   0.01    -2.52   0.0692     0.0275    1.39219   -2.24  0.00237  0.00236       474.27       530.77   -6.69   -6.81     37     45  -0.00547 0.00243  -3.06E-4 0.00235   0.00594 0.00194   0.00225 0.00187    22     0    10     0   8.81E-5   2.0
     4.13        6.8     0.0113    0.0782    0.0553 0.1641    0.0034   74.35    0.65  202.79   0.01  147.28   0.01     -2.1   0.0415     0.0197    1.42576   -2.08   0.0018   0.0018       545.55       604.47   -6.84   -6.95     47     57  -0.00319 0.00178   0.00154 0.00175   0.00376 0.00157  -6.80E-4 0.00154    24     0    10     0   1.18E-4   2.0
     4.55       5.91     0.0112    0.0806     0.057 0.1584    0.0035   73.04    0.69  202.79   0.01  147.27   0.01     -1.8   0.0366     0.0203    1.46014   -1.93  0.00206  0.00205       595.43       669.16   -6.94   -7.06     55     69  -0.00372 0.00165   0.00402 0.00166   0.00388 0.00142   0.00122 0.00142    26     0    17     0   0.00435   2.0
     5.00       4.53        0.1     0.789     0.558 0.0254    0.0070  -76.11    8.05  203.00   0.02  147.00   0.02    -1.34    0.253      0.188    1.49535   -1.64   0.0243   0.0238       669.16        722.1   -7.06   -7.15     69     81    0.0112 0.00294   0.00972 0.00275  -0.00665 0.00177  -0.00538 0.00161    31     0    50     2     0.531   2.0
     5.50       4.25    0.00864    0.0691    0.0489 0.1361    0.0035   71.01    0.79  202.76   0.01  147.27   0.01    -1.17   0.0198     0.0169    1.53141   -1.57  0.00221   0.0022       725.37       787.49   -7.15   -7.24     81     97   3.14E-4 0.00172   0.00501 0.00173    0.0035 0.00159   3.52E-4  0.0016    32     0    14     0   0.00264   2.0
     6.05       3.58     0.0052    0.0441    0.0312 0.1273    0.0024   68.58    0.59  202.76   0.01  147.25   0.01    -0.93    0.018     0.0193    1.56834   -1.38  0.00158  0.00158       795.77       841.61   -7.25   -7.31     99    113  -8.04E-4 0.00135  -5.57E-5 0.00133   3.24E-4 0.00131   0.00175 0.00129    36     0    10     0   6.93E-5   2.0
     6.66       2.99    0.00646     0.057    0.0403 0.1202    0.0035   65.73    0.89  202.76   0.01  147.20   0.01   -0.724   0.0135     0.0187    1.60615   -1.19  0.00235  0.00234       868.18       912.55   -7.35    -7.4    121    137  -0.00491 0.00162   0.00429 0.00162   6.89E-4 0.00148   0.00376 0.00149    39     0    10     0   5.20E-4   2.0
     7.32       2.49    0.00552    0.0512    0.0362 0.1129    0.0037   63.68    1.00  202.76   0.01  147.21   0.01   -0.535   0.0101     0.0188    1.64488   -0.99  0.00241  0.00241       954.54       1007.9   -7.45   -7.51    153    177  -0.00249   0.002   7.09E-4 0.00201   0.00133 0.00198   4.48E-4   0.002    43     0    10     0   2.84E-5   2.0
     8.05       2.09    0.00463    0.0454    0.0321 0.1107    0.0038   63.76    1.04  202.76   0.02  147.24   0.02   -0.399   0.0087     0.0219    1.68455  -0.802   0.0024   0.0024        1017.       1047.9   -7.52   -7.55    181    197  -0.00277 0.00174  -0.00727 0.00173   4.44E-4 0.00168   0.00277 0.00167    48     0    10     0   1.27E-4   2.0
     8.86       1.77    0.00503    0.0517    0.0366 0.1095    0.0050   64.93    1.39  202.77   0.02  147.24   0.02   -0.298   0.0085     0.0284    1.72517  -0.621  0.00309  0.00308       1089.9       1126.6   -7.59   -7.63    219    241   0.00432 0.00261  -0.00464 0.00258    0.0066 0.00216   0.00789 0.00214    53     0    10     0   8.70E-5   2.0
     9.74       1.53    0.00525    0.0561    0.0397 0.1201    0.0064   65.94    1.60  202.73   0.03  147.29   0.03    -0.22   0.0083      0.038    1.76677  -0.459  0.00374  0.00373       1165.2       1203.9   -7.67    -7.7    265    293    0.0102 0.00326  -8.22E-4 0.00325   0.00595 0.00283      0.01 0.00287    57     0    10     0   5.63E-4   2.0
    10.72       1.34    0.00495    0.0552     0.039 0.1422    0.0076   67.62    1.64  202.60   0.05  147.39   0.04   -0.153   0.0061       0.04    1.80937  -0.318  0.00402    0.004       1229.6       1286.1   -7.72   -7.77    311    357   0.00289 0.00426   0.00528 0.00428  -0.00304 0.00374    0.0154  0.0038    62     0    10     0   0.00269   2.0
    11.79        1.2    0.00336    0.0392    0.0277 0.1619    0.0068   69.95    1.32  202.76   0.05  147.42   0.04   -0.102   0.0046     0.0454    1.85300  -0.197  0.00305  0.00304        1310.       1376.9   -7.79   -7.85    375    437  -0.00581 0.00366    0.0124 0.00367  -0.00479  0.0036   9.68E-4 0.00358    68     0    10     0   0.00158   2.0
    12.97       1.11     0.0034     0.041     0.029 0.1974    0.0080   71.70    1.29  202.72   0.06  147.52   0.05  -0.0763   0.0047     0.0621    1.89769  -0.113  0.00333  0.00332       1366.8       1460.1   -7.84   -7.91    425    517   -0.0124  0.0042    0.0186 0.00428   0.00375 0.00402   0.00716 0.00403    73     0    10     0   0.00154   2.0
    14.27       1.02    0.00496    0.0623    0.0441 0.2169    0.0182   71.70    2.71  202.72   0.16  147.52   0.14  -0.0419   0.0049      0.118    1.94345 -0.0245  0.00528  0.00525       1447.3       1579.3    -7.9     -8.    501    641   -0.0197  0.0114    -0.011  0.0113    0.0384  0.0102    0.0421  0.0104    79     0    50     2    0.0141   2.0
    15.69      0.975    0.00468     0.061    0.0431 0.2447    0.0215   71.70    2.88  202.72   0.21  147.52   0.18  -0.0283    0.004      0.143    1.99031  0.0271  0.00522  0.00519       1531.9       1699.2   -7.96   -8.08    585    777   -0.0233  0.0136   -0.0385  0.0143    0.0699  0.0142    0.0309  0.0111    85     0    50     2    0.0202   2.0
    17.26      0.958     0.0038    0.0506    0.0358 0.3159    0.0155   72.15    1.70  202.58   0.18  147.56   0.15  -0.0279   0.0034      0.123    2.03830   0.046  0.00431  0.00429       1586.1       1826.4     -8.   -8.15    641    941   0.00292  0.0108   -0.0323  0.0114     0.055  0.0109    0.0251 0.00906    89     0    10     0   9.70E-4   2.0
    18.99      0.925    0.00365    0.0503    0.0355 0.3404    0.0065   74.18    0.67  202.80   0.09  147.50   0.07  -0.0558   0.0029     0.0514    2.08745  0.0852  0.00429  0.00427        1688.       1947.4   -8.07   -8.22    749   1125    0.0122 0.00476  -0.00372 0.00475    0.0231 0.00406    0.0111 0.00395    95     0    10     0   3.37E-4   2.0
    20.89        0.8    0.00401    0.0584    0.0413 0.3253    0.0048   73.65    0.51  202.90   0.07  147.34   0.05   -0.078   0.0053     0.0677    2.13779   0.242  0.00545  0.00543       1846.4       2077.6   -8.17   -8.29    931   1369    0.0064 0.00346    0.0037 0.00346    0.0187 0.00313   0.00404 0.00289   106     0    10     0   6.36E-4   2.0
    22.97      0.619    0.00395    0.0606    0.0429 0.3105    0.0048   71.42    0.53  202.73   0.08  147.30   0.06  -0.0706   0.0034      0.048    2.18934    0.52  0.00694  0.00689       1998.7       2186.7   -8.25   -8.35   1147   1649  -0.00832 0.00331   0.00815 0.00333     0.014 0.00283    0.0133 0.00284   118     0    10     0   3.47E-4   2.0
    25.27      0.435    0.00288    0.0466     0.033 0.3031    0.0042   70.45    0.47  202.68   0.07  147.12   0.06   -0.054   0.0021     0.0387    2.24213   0.904  0.00721  0.00716       2128.9       2288.1   -8.32    -8.4   1397   2009   -0.0156 0.00274  -2.86E-4 0.00268   0.00445  0.0022    0.0167 0.00229   131     0    10     0   2.38E-5   2.0
    27.80      0.301    0.00177      0.03    0.0212 0.3031    0.0042   70.25    0.47  202.36   0.08  147.14   0.06  -0.0301   0.0016     0.0515    2.29620     1.3  0.00639  0.00635       2232.6       2373.8   -8.37   -8.44   1683   2425   -0.0133 0.00286    0.0016 0.00279   0.00261 0.00273   0.00561 0.00275   144     0    10     0   2.45E-4   2.0
    30.58      0.223    0.00162    0.0286    0.0202 0.3208    0.0057   71.06    0.62  201.82   0.12  147.28   0.10  -0.0178   0.0012     0.0666    2.35157    1.63   0.0079  0.00785       2312.3       2456.2   -8.41   -8.48   1987   2941  -0.00307 0.00421   0.00131 0.00422    0.0102 0.00382     0.021 0.00403   156     0    18     0   0.00121   2.0
    33.64      0.179    0.00178    0.0327    0.0231 0.3448    0.0100   71.06    1.01  201.82   0.24  147.28   0.19 -0.00925   7.3E-4     0.0784    2.40827    1.87   0.0109   0.0107       2379.3       2543.8   -8.44   -8.51   2323   3569   -0.0212  0.0076   0.00627 0.00746    0.0239 0.00732    0.0149 0.00721   168     0    50     2   0.00964   2.0
    37.00      0.148    0.00167     0.032    0.0226 0.3448    0.0087   71.06    0.89  201.82   0.23  147.28   0.18 -0.00819   9.4E-4      0.115    2.46635    2.07   0.0123   0.0121       2457.4       2637.6   -8.48   -8.55   2813   4293   0.00483 0.00666  -0.00626  0.0067   0.00386 0.00662   0.00712 0.00669   185     0    50     2    0.0125   2.0
    40.70      0.125    0.00155    0.0314    0.0222 0.3448    0.0184   71.06    1.87  201.58   0.53  147.68   0.42 -0.00385   8.5E-4       0.22    2.52582    2.26   0.0136   0.0134        2540.        2737.   -8.51   -8.59   3417   5193   -0.0135  0.0142   -0.0252   0.015   -0.0675  0.0197   -0.0159  0.0135   204     0    50     2   0.00231   2.0
    44.77      0.113    0.00136    0.0297     0.021 0.2577    0.0131   49.45    1.68  202.52   0.35  144.30   0.34 -0.00485   6.7E-4      0.138    2.58673    2.37   0.0132    0.013       2690.2       2845.1   -8.57   -8.64   4677   6293   -0.0128 0.00894   0.00764 0.00886    0.0078 0.00878   -0.0116 0.00889   240     0    50     2   0.00309   2.0
    49.25     0.0735    0.00124    0.0303    0.0214 0.0698    0.0246   58.69   10.41  202.30   0.64  143.90   0.62 -0.00272   3.5E-4      0.127    2.64910    2.83   0.0185   0.0182        2912.       2948.2   -8.66   -8.67   7093   7637   -0.0159  0.0131   -0.0265  0.0135   -0.0129   0.013    0.0162  0.0132   297     0    50     2   0.00195   2.0
    54.17     0.0631    0.00114    0.0291    0.0206 0.0947    0.0301   58.69    9.54  202.69   0.87  144.55   0.84 -0.00175   4.5E-4      0.258    2.71298      3.   0.0199   0.0195       2997.6       3044.1   -8.69   -8.71   8341   9233    0.0314  0.0183   0.00186  0.0165    0.0252  0.0175    0.0288  0.0179   323     0    50     2   0.00522   2.0
    59.59     0.0639    0.00134    0.0344    0.0243 0.2086    0.0158   58.69    2.43  202.33   0.56  144.76   0.51 -0.00317   4.1E-4      0.128    2.77840    2.99   0.0229   0.0225       3029.5       3137.2    -8.7   -8.74   8827  11165   0.00547 0.00996  -0.00645 0.00999  -0.00581 0.00965    0.0444  0.0112   331     0    50     2   0.00267   2.0
    65.55     0.0436    9.86E-4    0.0266    0.0188 0.2086    0.0167   58.69    2.57  202.45   0.65  144.96   0.60 -0.00201   2.1E-4      0.104    2.84540     3.4   0.0249   0.0243       3127.4       3217.1   -8.74   -8.77  10689  13509    0.0201  0.0107   0.00549  0.0105    0.0146  0.0106   4.17E-4  0.0105   364     0    50     2   0.00247   2.0
    72.10     0.0256    9.51E-4    0.0276    0.0195 0.1350    0.0282   69.15    6.42  204.00   1.14  147.50   1.05 -0.00114   2.9E-4      0.252    2.91401    3.98   0.0412   0.0397       3244.6       3289.1   -8.78   -8.79  14117  16321    0.0246  0.0168    0.0914  0.0278  -0.00401  0.0156  -0.00803  0.0157   420     0    50     2   0.00227   2.0
    79.32     0.0226    9.01E-4    0.0268     0.019 0.2004    0.0298   68.83    4.75  201.16   1.42  149.58   1.25 -8.61E-4   1.6E-4       0.18    2.98428    4.11   0.0441   0.0424       3285.2       3346.4   -8.79   -8.81  15803  19789    0.0124  0.0187    0.0306  0.0194    -0.023  0.0189   -0.0284  0.0192   443     0    24     0   0.00116   2.0
    87.25     0.0144    8.43E-4    0.0265    0.0188 0.1722    0.0378   56.85    6.88  201.20   1.87  149.68   1.77 -6.01E-4   1.4E-4      0.225    3.05624    4.61   0.0657   0.0619       3354.6       3396.5   -8.81   -8.83  19791  23929     0.035   0.024    0.0273  0.0235    0.0159  0.0229   -0.0093  0.0228   496     0    16     0   6.38E-4   2.0
    95.97    0.00762    8.00E-4    0.0264    0.0187 0.1722    0.0632   56.85   11.52  204.11   3.45  147.78   3.26 -3.09E-4    INDEF      INDEF    3.12994     5.3     0.12    0.108       3401.2       3436.6   -8.83   -8.84  23957  28913   -0.0204  0.0414   -0.0462  0.0531    0.0222  0.0419   -0.0461   0.053   546     0    17     0   0.00101   2.0
